1000 9910
157 102
116 513
979 283
566 381
555 236
881 510
511 527
838 702
580 843
891 165
622 55
369 179
687 761
815 436
249 485
306 475
805 187
929 817
52 896
92 885
166 184
191 78
302 456
229 744
530 215
881 169
403 583
614 929
260 836
833 14
869 984
763 333
160 336
70 951
451 812
640 511
162 841
697 920
476 361
187 742
757 125
628 515
136 680
943 167
782 739
444 382
983 715
673 776
697 890
572 98
790 169
889 226
282 496
357 924
908 28
974 805
944 328
671 783
932 505
850 158
61 662
732 158
310 44
137 554
157 439
251 580
789 536
529 524
492 810
788 271
717 351
868 733
704 534
891 418
481 949
937 988
111 33
157 217
937 877
609 536
25 639
190 259
707 119
543 261
68 699
52 288
505 57
94 590
721 224
483 245
171 561
829 666
565 301
145 223
744 942
462 881
319 680
465 284
674 937
143 478
441 570
266 839
189 172
173 871
544 389
35 794
95 70
501 283
515 661
455 318
829 493
97 278
933 851
515 802
847 761
903 699
905 566
523 963
356 784
352 784
84 418
739 337
832 221
652 328
266 671
396 14
92 669
623 931
438 945
22 176
899 407
98 298
83 928
248 131
68 406
777 184
857 559
624 238
992 770
277 366
914 39
82 246
961 537
780 123
124 925
162 702
687 420
46 40
625 869
374 218
629 885
996 680
128 784
555 731
441 335
225 480
603 759
237 589
163 822
521 680
439 849
925 677
765 87
142 608
548 419
103 349
579 271
63 166
923 897
176 266
557 444
722 40
525 862
565 849
329 921
591 749
25 708
63 388
526 548
927 751
803 981
220 865
485 94
62 215
725 381
617 412
303 203
9 732
810 29
632 831
104 504
201 514
860 983
916 993
386 692
973 720
888 836
293 795
700 659
539 279
226 38
958 535
383 76
24 803
957 429
689 535
946 190
620 41
15 663
342 739
114 834
26 224
356 923
608 528
611 903
425 518
672 513
819 338
801 995
785 294
258 446
742 382
489 228
767 153
737 94
187 125
743 96
637 765
547 205
175 660
3 36
606 680
384 231
370 432
836 149
158 953
234 195
642 890
115 124
32 959
918 582
777 594
319 223
655 529
379 416
677 969
751 184
897 217
238 485
910 577
659 451
739 529
543 733
546 83
111 319
939 96
81 376
65 915
964 565
345 131
165 488
539 695
761 779
43 964
670 355
449 109
655 213
957 300
576 688
811 315
504 651
708 577
490 930
677 414
347 763
441 626
170 336
122 169
703 479
689 937
310 627
729 112
52 707
145 39
347 921
520 53
478 189
875 315
466 364
901 415
362 188
509 443
939 1000
979 71
654 621
235 343
309 964
310 295
331 888
797 815
638 347
766 364
487 373
932 454
699 437
794 483
457 139
232 638
841 900
950 230
628 452
484 348
232 397
177 316
713 322
287 819
551 678
430 713
548 404
348 466
7 124
869 208
742 166
194 968
731 147
881 514
996 213
321 459
536 18
194 234
232 73
674 160
323 274
108 548
323 718
788 168
76 202
890 530
392 153
601 605
708 903
358 776
34 690
458 390
129 750
768 507
134 633
63 301
85 229
307 855
346 755
517 200
913 437
708 677
209 526
271 417
97 552
848 800
891 898
550 19
398 860
993 785
826 795
423 699
737 607
504 901
106 729
472 419
790 477
948 953
705 203
815 122
106 616
269 98
786 268
273 359
776 266
5 952
282 223
468 262
608 617
75 940
799 423
638 405
875 926
236 761
258 503
225 136
196 287
69 23
343 728
384 385
519 693
297 660
926 316
111 733
780 844
426 663
249 604
89 65
140 725
876 591
381 103
272 485
752 150
594 152
67 322
284 904
513 134
396 574
825 660
418 66
584 237
505 804
988 855
58 156
738 778
319 23
589 245
956 694
152 456
160 511
356 104
911 352
234 588
697 172
492 600
399 60
497 581
422 375
485 477
379 182
863 821
627 348
298 48
775 454
673 4
307 770
623 264
181 869
221 856
937 415
425 179
100 843
47 844
919 392
464 630
985 52
769 779
661 781
494 566
867 56
27 161
92 969
972 357
317 184
818 895
212 466
984 107
293 685
615 620
800 228
856 37
984 26
838 405
965 726
164 172
901 351
23 123
430 107
804 412
914 460
74 177
737 855
311 188
442 445
582 25
14 533
650 969
281 106
68 294
256 918
568 293
720 893
645 878
453 509
475 349
718 267
210 226
854 859
641 894
893 831
509 54
45 308
985 777
909 651
827 270
663 636
461 4
765 86
198 953
288 551
517 571
99 516
894 693
401 618
901 301
833 623
12 880
328 549
458 764
812 271
356 147
378 439
565 961
986 54
809 535
720 118
80 213
152 706
462 803
217 743
341 146
734 603
535 926
574 992
281 915
1000 277
14 155
740 351
501 333
504 735
467 469
820 471
911 824
127 391
237 323
886 848
799 827
31 717
506 164
179 118
967 497
606 307
866 132
286 789
69 427
658 248
861 927
240 983
629 355
500 297
445 376
478 393
164 192
810 606
278 88
871 379
213 637
567 578
491 887
199 574
112 352
349 77
123 864
126 129
844 768
97 397
463 362
983 611
362 238
487 336
665 232
828 268
427 685
111 663
965 165
272 414
130 344
936 949
598 989
68 56
585 402
234 192
455 428
617 279
241 676
702 827
225 515
340 820
34 235
641 49
807 484
883 66
521 715
685 968
445 675
198 933
660 250
224 692
261 337
690 945
693 783
55 609
975 944
523 275
46 860
341 852
915 157
733 766
316 662
868 91
280 484
959 108
467 802
104 168
902 974
789 557
462 831
377 529
375 490
855 828
622 25
825 249
810 111
369 149
441 512
960 528
991 986
824 63
39 736
66 798
268 710
605 683
493 701
297 82
172 947
463 869
653 757
446 589
877 343
228 917
255 455
862 181
759 403
279 55
743 626
874 751
16 277
469 421
239 819
334 541
585 993
364 332
151 494
83 396
32 606
577 758
301 200
905 815
130 214
224 165
166 824
62 175
83 234
727 685
709 98
858 812
654 541
567 836
755 732
811 670
24 764
63 549
634 739
211 270
107 673
738 517
150 511
233 91
135 106
736 46
756 417
153 314
488 167
253 505
310 864
646 782
815 909
67 109
544 500
635 638
512 413
397 949
843 589
807 238
233 35
80 127
707 42
750 632
366 405
994 578
422 475
4 201
578 261
140 248
561 593
324 905
368 265
406 943
777 9
986 145
90 330
863 437
114 636
317 433
84 428
123 398
53 601
731 719
798 769
994 279
30 985
878 765
922 603
464 937
58 957
839 242
438 649
282 173
501 39
340 91
748 40
306 23
735 818
957 468
970 133
827 968
560 717
888 714
10 738
413 743
389 642
643 74
718 530
297 522
746 827
208 254
72 774
490 125
383 714
519 692
634 660
671 777
231 774
798 388
232 603
167 751
538 961
794 375
79 483
889 947
67 299
488 884
113 933
604 884
673 895
380 913
937 851
24 148
446 239
170 213
812 292
336 245
180 398
678 645
592 966
527 416
358 821
643 703
902 972
941 874
502 928
484 747
602 18
198 425
212 765
874 224
855 192
523 73
620 289
153 634
61 65
523 884
47 18
711 11
804 703
87 813
365 587
717 694
117 474
338 473
13 47
951 681
97 134
524 701
675 571
582 24
734 218
964 483
335 53
248 133
731 488
797 71
326 856
55 186
785 457
129 429
771 778
974 775
41 617
211 345
214 648
538 946
280 862
651 369
154 955
324 111
237 698
127 634
920 366
333 231
780 810
655 654
798 547
141 736
825 695
152 7
635 728
561 221
926 471
565 701
615 769
133 79
590 96
688 216
569 299
592 644
114 248
191 76
640 10
290 655
293 572
111 293
191 221
792 356
561 665
136 971
753 241
311 772
792 403
192 687
105 694
714 748
899 946
540 928
653 639
800 29
839 404
200 777
734 378
22 534
294 779
388 324
431 230
235 801
36 726
493 617
26 460
951 540
273 157
993 270
95 346
635 305
359 465
415 323
821 716
678 335
844 547
866 999
369 645
157 904
432 18
899 415
475 177
560 661
79 103
338 223
733 486
236 706
794 26
262 476
762 406
230 416
233 348
954 356
901 827
679 352
305 200
524 156
521 820
794 316
229 377
211 738
46 883
861 356
148 241
774 357
975 748
836 38
840 33
698 67
38 672
673 903
984 228
332 852
483 448
66 296
266 422
487 581
546 81
341 851
533 341
359 707
872 31
123 135
21 914
882 204
730 20
894 771
80 321
774 200
104 327
412 384
252 711
108 30
551 522
564 2
322 437
288 269
800 168
587 112
933 68
916 886
743 621
874 748
13 230
549 948
400 245
787 515
827 574
990 30
573 46
494 969
395 938
359 501
567 560
54 621
628 514
774 874
174 58
966 438
469 646
932 226
398 642
610 388
650 831
64 288
357 613
653 184
213 641
452 847
605 159
272 221
523 986
438 238
956 367
794 126
829 80
687 489
709 97
106 54
932 623
71 884
797 990
854 785
11 969
763 972
792 58
479 692
259 181
428 246
196 106
436 537
440 732
224 883
153 313
300 440
543 12
746 152
855 302
693 447
819 876
324 310
508 187
972 586
884 270
831 257
980 793
108 768
289 954
437 98
475 979
294 437
977 117
228 185
564 563
447 153
542 110
670 163
601 319
507 83
642 640
129 627
920 866
411 873
952 435
521 429
686 952
319 501
764 424
364 862
695 826
899 637
238 946
528 265
464 539
999 517
191 600
252 602
554 220
956 856
593 626
61 60
118 55
361 770
70 938
455 740
921 608
811 49
306 20
53 825
836 644
819 494
287 223
843 468
862 432
774 854
889 118
68 445
568 541
199 513
594 997
771 130
36 162
405 499
851 31
173 119
323 662
107 767
642 30
42 818
794 453
334 58
816 277
745 369
564 979
582 364
646 713
370 502
522 459
991 578
742 102
870 43
581 940
655 693
582 511
514 6
419 489
257 454
223 663
285 272
346 238
685 783
851 603
210 433
806 804
493 286
546 38
949 219
254 649
918 198
26 898
703 972
13 648
342 60
803 570
808 848
436 49
990 632
76 232
445 829
65 254
233 515
569 89
720 27
403 281
939 315
43 782
597 427
651 591
184 168
819 575
118 369
653 602
985 58
421 246
291 745
330 833
22 523
648 166
871 185
463 943
190 813
32 219
855 709
714 939
570 609
1 780
397 632
872 922
433 473
144 788
127 195
484 448
113 433
95 353
151 51
420 48
224 401
866 960
188 52
226 355
871 337
553 154
535 30
738 134
226 466
64 505
405 55
343 521
541 794
965 62
642 115
417 444
476 29
978 443
266 847
33 584
324 217
417 489
469 912
550 987
79 257
496 850
614 238
157 487
619 324
927 7
785 746
276 395
127 388
851 281
135 432
907 91
413 782
31 355
345 744
969 925
720 556
423 501
480 661
926 468
489 329
162 97
471 489
589 262
971 271
385 390
928 552
255 105
161 191
458 875
940 327
320 856
166 229
848 430
207 933
127 334
838 777
734 974
369 30
846 984
189 491
329 270
489 421
902 937
118 290
561 745
532 478
378 238
972 165
792 515
902 568
464 596
229 732
493 727
39 547
692 139
531 271
680 691
952 824
496 468
446 550
507 564
454 580
443 812
61 213
49 693
786 338
94 902
83 498
232 984
193 630
321 569
736 472
349 75
430 244
384 476
718 587
888 370
176 798
965 18
684 895
145 533
404 774
6 982
780 233
653 373
214 661
895 294
988 68
737 204
22 300
618 217
107 163
326 758
936 582
665 8
594 94
585 353
968 119
53 777
163 983
133 755
929 380
459 404
767 734
179 789
100 817
685 855
391 716
929 237
911 309
659 452
33 420
941 638
636 378
142 669
825 29
756 515
578 319
726 367
319 783
346 875
351 627
749 215
967 800
548 902
916 674
722 657
227 53
853 201
263 837
88 845
895 578
416 964
491 376
272 933
754 318
920 596
260 221
157 319
770 670
278 425
338 636
874 858
356 757
527 814
804 609
203 362
888 978
841 508
53 804
853 675
737 812
39 806
942 461
748 484
509 440
511 286
387 686
692 346
281 32
407 544
230 77
323 701
840 273
517 809
510 173
283 583
249 581
631 478
141 581
360 808
957 995
851 352
737 345
812 141
926 413
638 907
384 446
457 658
523 83
964 231
487 826
849 718
578 609
599 917
847 392
208 70
742 903
321 377
752 643
489 547
453 920
761 955
9 4
51 385
17 753
604 595
240 454
250 641
759 497
906 493
271 317
238 960
234 912
646 475
26 752
672 162
801 258
506 504
900 82
353 411
207 544
174 667
235 536
389 895
70 792
482 691
184 491
238 546
868 445
725 20
878 626
554 876
645 435
942 271
156 640
586 349
793 605
938 606
549 56
468 837
295 880
614 534
262 295
505 380
838 78
417 738
897 696
666 503
560 606
73 465
914 649
843 161
165 513
651 454
248 73
690 416
90 692
42 1000
110 691
205 677
7 499
709 213
196 56
91 258
291 324
797 584
945 967
450 447
659 689
427 917
408 909
418 26
236 130
825 778
134 28
814 594
764 777
345 429
991 93
418 291
648 668
835 78
708 192
945 562
68 679
513 982
521 483
298 940
874 621
893 461
273 730
899 698
38 858
685 577
299 266
255 581
147 942
989 971
994 727
688 634
337 620
752 397
578 9
708 644
123 428
914 7
535 597
518 653
922 522
170 279
578 184
964 992
75 158
923 108
579 542
356 653
182 765
790 508
338 471
141 120
700 489
244 989
149 310
335 390
796 948
353 99
5 810
925 391
771 255
295 741
666 459
244 243
120 961
448 968
784 114
503 914
896 604
568 937
187 85
696 515
286 267
306 637
440 951
367 356
386 421
854 862
585 507
883 250
42 934
375 558
525 743
124 750
324 504
357 681
7 245
194 924
746 209
837 678
822 26
811 791
333 455
120 492
855 70
756 441
162 209
356 15
363 797
933 438
256 261
119 248
673 180
587 522
313 131
237 141
755 496
648 918
702 297
995 289
503 206
325 762
40 614
965 162
351 42
655 98
839 257
470 364
308 383
401 171
834 131
193 9
584 934
605 836
761 186
632 946
134 870
838 714
730 451
130 653
972 388
41 126
334 917
101 950
340 46
843 177
438 631
169 450
631 822
192 109
9 617
72 531
168 6
944 935
304 454
860 556
12 123
24 965
975 806
81 756
867 533
799 376
486 941
895 451
457 185
511 458
872 792
528 452
103 172
625 692
246 986
318 965
174 361
486 143
749 779
219 768
297 866
893 960
430 582
492 991
310 232
521 895
897 99
832 616
51 1000
694 130
115 959
718 4
208 317
154 703
836 439
401 698
738 817
727 191
328 757
368 514
545 26
133 916
946 937
843 563
660 987
772 765
76 789
51 465
354 476
190 174
877 784
952 409
769 549
365 60
529 47
169 977
707 337
431 305
968 643
222 366
973 398
71 502
338 859
387 557
963 648
52 937
91 581
554 87
527 184
222 392
478 22
299 897
199 466
238 758
411 376
126 631
861 992
313 910
633 769
746 544
691 161
404 598
477 104
593 839
351 595
317 991
691 206
110 954
273 409
19 845
974 931
207 48
197 10
589 824
257 173
753 3
606 761
438 159
497 753
645 931
225 322
776 686
936 903
234 144
121 767
453 434
127 687
332 517
663 707
975 349
617 849
524 139
360 583
738 755
613 485
615 247
110 353
293 783
759 908
580 1
471 400
555 453
919 956
974 313
981 611
967 592
471 257
879 132
609 608
703 938
81 463
906 136
746 459
267 638
397 515
609 977
648 991
133 509
960 849
134 482
651 724
1000 434
798 773
348 266
565 6
869 931
397 29
259 591
497 488
620 706
262 582
303 286
626 391
863 438
460 331
905 210
601 835
322 356
195 526
783 145
346 622
990 847
921 836
722 773
965 627
489 675
655 459
820 668
751 626
865 551
478 242
647 855
726 820
344 242
625 167
516 18
350 456
995 821
271 804
9 592
49 611
981 362
306 18
967 331
31 967
27 916
374 333
946 66
567 534
449 563
103 22
657 398
107 467
309 947
201 26
348 991
934 626
813 259
836 932
692 640
16 161
684 752
872 848
283 989
529 997
710 349
845 515
42 816
137 988
829 784
306 553
770 376
789 204
654 849
978 247
870 41
529 519
968 33
348 259
59 848
8 990
315 714
176 148
485 150
380 940
567 504
137 620
863 833
845 246
793 299
522 299
389 336
466 581
289 68
381 310
720 352
60 897
885 838
142 761
91 193
698 347
493 173
143 160
613 76
561 993
855 131
177 792
713 702
473 385
610 706
510 868
243 555
601 957
358 808
950 556
275 228
591 810
783 68
821 817
380 455
56 501
203 912
100 966
212 760
550 160
437 937
259 329
188 353
43 558
88 949
948 347
821 979
127 380
408 828
500 418
445 511
201 843
790 509
520 241
781 214
322 669
364 256
205 772
525 745
652 325
857 641
589 926
348 780
932 13
248 136
358 253
729 511
657 362
828 501
847 395
850 349
528 924
547 590
157 707
253 890
275 904
457 877
278 781
690 325
124 521
769 728
555 833
110 575
182 88
325 473
133 778
505 859
492 779
759 267
538 851
975 698
232 344
930 9
417 186
860 330
521 572
519 89
496 953
299 58
30 446
12 669
267 445
608 258
350 667
505 666
115 306
743 989
885 858
34 788
721 182
557 456
891 258
104 176
268 873
431 687
603 182
930 346
803 984
471 702
42 394
333 697
325 708
415 891
616 186
247 196
527 54
171 537
70 583
859 462
413 513
682 77
424 341
702 8
817 982
13 797
87 748
625 13
5 329
482 38
675 877
469 284
326 511
238 731
679 188
852 851
448 105
489 142
253 730
913 49
98 456
863 988
67 703
210 751
173 505
340 414
69 312
452 688
1 520
75 923
23 155
961 990
818 65
361 762
982 948
514 326
988 433
870 949
227 949
943 749
468 425
493 97
921 233
443 125
580 618
926 634
909 888
442 851
953 696
572 918
451 295
642 571
624 493
236 995
241 719
383 540
21 249
791 485
101 299
287 858
684 478
231 872
997 865
928 872
547 46
343 83
20 950
936 727
591 313
225 624
584 41
345 690
347 133
636 261
428 450
142 752
481 757
328 758
39 88
997 212
907 692
157 13
327 349
241 228
574 678
43 938
264 813
360 822
455 185
422 2
151 576
977 953
122 976
485 610
35 650
826 558
27 335
378 169
658 423
252 706
389 133
810 250
403 704
460 439
523 723
757 937
790 603
752 173
666 989
104 542
354 1
868 748
348 568
972 425
991 479
207 364
154 280
967 423
59 282
499 935
338 303
447 915
28 535
698 703
205 605
810 705
151 347
407 717
547 398
92 497
737 661
774 651
645 785
225 208
978 494
46 486
407 940
275 960
628 338
518 904
101 510
971 640
671 934
551 716
932 338
951 86
120 657
7 30
64 624
564 873
181 295
254 807
828 626
245 928
769 469
837 748
675 129
90 867
197 589
626 625
720 502
890 970
870 364
767 465
180 656
733 572
935 288
665 260
833 698
794 928
46 781
674 74
214 371
471 256
163 723
702 388
647 381
727 51
910 721
124 100
17 614
218 225
247 296
214 93
113 78
773 200
743 974
744 176
764 427
677 793
18 219
739 895
905 209
751 725
625 438
506 6
952 148
471 836
761 179
259 364
351 242
647 961
450 705
515 703
221 642
166 269
408 801
668 916
338 606
862 149
365 611
807 524
60 247
193 274
268 452
911 530
610 69
132 367
886 446
546 957
763 417
13 408
213 345
952 720
37 770
645 595
225 18
300 964
448 895
305 986
838 76
839 925
54 767
490 452
610 423
477 252
171 945
512 787
987 563
516 599
330 462
115 876
296 690
675 462
192 353
55 112
159 866
167 538
975 387
138 364
481 913
370 501
685 106
618 868
582 498
306 697
616 862
474 311
977 436
96 834
214 445
253 409
572 531
632 254
760 819
851 604
559 283
214 300
459 407
453 753
376 683
267 524
933 739
665 657
800 696
268 838
551 133
151 539
531 937
826 631
494 473
647 519
191 411
782 282
621 466
363 494
130 901
77 608
795 925
484 614
359 634
674 530
342 908
341 118
136 413
134 888
874 769
50 383
602 304
606 344
429 701
738 423
733 471
482 242
744 705
140 332
144 791
39 906
565 241
501 7
174 919
641 834
325 233
701 926
829 201
909 113
405 127
435 894
329 127
676 211
715 703
735 560
279 462
222 666
447 568
177 12
650 581
978 438
743 122
438 4
665 64
571 205
331 916
135 28
708 354
429 383
550 809
898 262
37 842
387 791
372 383
661 37
703 702
964 170
777 208
34 51
642 946
510 596
57 571
983 15
937 691
422 261
650 104
778 37
617 219
691 892
750 473
111 289
668 109
190 176
686 789
526 558
468 562
324 958
21 634
951 162
32 429
911 97
659 248
536 877
854 85
765 518
180 140
825 337
347 661
173 837
601 186
969 958
363 347
145 172
189 59
209 805
148 99
350 502
353 306
481 357
523 916
286 798
487 139
52 612
837 702
815 57
853 374
696 431
382 822
790 265
499 758
939 885
390 635
626 899
581 412
818 126
726 607
451 635
734 416
715 714
477 179
600 186
598 645
638 470
990 467
176 785
839 762
221 639
628 383
645 845
595 110
758 974
617 746
111 784
875 703
200 117
740 574
37 878
205 508
318 549
419 727
564 773
410 688
470 992
772 842
310 153
132 681
495 407
741 363
153 953
181 228
286 666
830 605
449 724
622 336
594 670
76 333
521 424
190 221
337 895
47 700
855 213
603 100
160 965
113 976
617 320
86 13
712 428
312 58
938 146
170 56
360 838
878 392
420 544
223 61
173 792
501 443
891 15
964 721
591 914
868 309
818 734
252 562
878 746
260 879
652 601
763 166
51 98
804 418
386 773
340 76
395 942
303 809
987 776
568 662
95 705
576 225
309 951
300 993
926 949
999 161
827 784
535 67
560 693
614 504
540 507
774 739
655 944
480 20
600 430
248 48
508 610
272 352
435 812
40 751
850 181
802 944
806 904
703 528
885 477
79 266
907 23
862 935
756 430
603 201
301 909
675 128
658 559
767 622
668 847
688 21
180 657
128 508
919 958
299 5
691 775
638 872
877 720
768 12
328 531
185 110
811 238
66 120
595 567
673 129
581 520
91 788
73 801
590 382
873 970
268 818
930 387
159 823
510 985
869 670
318 236
229 575
643 727
476 828
294 117
479 443
762 709
445 247
981 933
817 908
435 1
40 975
663 351
496 49
204 834
687 887
857 24
235 860
236 51
588 984
716 229
481 316
246 124
835 689
32 802
420 137
919 177
304 674
330 154
984 516
631 760
818 951
729 368
611 884
595 347
10 751
410 133
174 90
72 956
554 540
538 185
75 123
196 61
654 595
32 750
382 40
169 242
426 782
780 221
305 187
823 217
664 638
757 341
353 663
36 396
737 265
24 332
479 660
509 925
846 4
221 579
150 527
63 826
335 513
394 213
365 175
556 298
936 656
106 696
708 195
35 764
986 429
324 564
590 299
201 708
389 112
1000 1
449 269
642 802
414 989
473 391
383 335
777 223
905 18
65 861
123 67
91 993
76 123
834 11
123 48
160 720
950 989
526 796
213 47
716 186
350 136
299 954
302 495
654 64
86 390
36 703
58 851
865 577
394 945
175 212
985 216
714 806
223 735
113 437
387 444
905 575
209 986
654 354
307 373
53 793
771 450
813 579
434 848
967 395
41 946
758 193
68 413
804 489
698 628
861 200
681 354
37 194
201 133
992 136
918 224
619 427
250 698
434 517
266 218
785 750
309 728
261 581
456 613
358 319
950 83
42 564
868 760
68 992
272 741
318 360
447 76
176 473
346 113
916 453
440 502
613 29
815 817
66 368
702 349
260 304
354 567
596 823
27 500
320 634
262 637
967 568
87 392
659 251
739 809
830 112
833 316
338 882
915 466
520 290
848 863
613 721
725 603
32 140
597 790
36 878
843 84
346 548
735 194
682 474
421 54
459 847
448 508
486 612
431 237
143 729
537 850
114 923
353 305
649 892
379 147
173 614
712 838
946 294
231 304
572 364
330 67
258 228
577 450
80 678
49 681
981 288
605 404
127 112
900 730
297 427
836 728
763 616
179 907
719 269
701 824
723 198
174 135
249 851
231 103
162 618
219 615
909 240
810 890
113 998
13 315
482 731
548 10
162 733
222 942
337 289
615 82
817 31
728 654
158 317
568 823
880 633
167 733
824 506
484 423
788 351
306 75
963 275
157 376
124 269
950 63
882 417
744 386
543 420
926 52
659 603
845 188
707 167
122 653
504 116
158 237
114 25
99 695
815 725
63 80
469 84
121 935
191 901
441 808
939 89
116 36
324 915
271 180
937 584
246 708
946 646
549 635
933 924
146 62
790 895
332 277
170 456
890 475
856 679
375 401
657 970
441 635
778 538
174 643
85 44
35 731
347 865
166 374
481 384
452 318
49 580
987 922
849 925
259 161
67 674
870 629
326 620
678 364
356 934
602 954
70 252
273 414
202 268
684 632
283 581
12 61
710 940
966 314
404 951
296 728
394 833
308 462
68 356
215 503
897 882
572 948
633 322
817 969
988 36
880 613
257 76
759 875
849 693
716 926
591 366
168 688
188 659
120 329
909 717
418 168
849 148
833 783
299 247
68 824
56 928
733 570
313 55
385 450
855 11
497 774
750 295
99 723
502 700
930 273
111 344
575 233
851 785
891 204
104 138
195 725
795 193
627 758
355 27
321 159
263 788
359 963
967 768
677 443
326 283
860 999
575 348
722 768
834 198
999 512
840 919
288 302
416 851
785 833
701 150
613 634
122 80
877 309
832 346
819 68
52 605
537 955
904 710
634 77
562 478
302 29
710 238
417 885
454 296
171 802
728 953
505 256
253 994
569 716
443 54
652 130
836 935
982 877
710 367
19 987
115 878
400 84
34 472
126 82
861 389
93 827
79 376
68 239
840 128
694 303
364 303
929 305
662 329
257 611
322 641
816 153
300 10
873 472
710 709
859 797
57 267
252 834
428 358
233 970
750 737
143 925
346 235
223 547
336 461
635 675
928 513
871 547
485 228
566 55
417 12
827 625
629 733
336 92
321 612
824 321
309 135
901 323
705 578
483 364
51 624
307 922
454 543
130 865
655 229
786 788
824 159
616 65
389 785
561 704
726 26
341 104
398 225
493 861
260 2
209 686
877 247
571 948
473 644
934 70
662 790
711 112
325 949
143 708
438 764
934 209
368 247
123 929
657 77
839 861
921 496
169 379
157 958
16 482
491 128
753 629
992 939
560 359
885 80
210 808
192 291
871 477
837 221
585 780
35 303
309 916
969 420
865 12
331 668
697 47
407 759
232 671
430 844
641 659
309 517
537 290
451 524
884 911
79 175
262 389
582 306
395 36
306 313
948 952
349 693
426 626
410 555
15 964
603 836
884 173
479 651
903 21
327 967
399 458
149 861
834 569
375 987
988 818
864 768
737 502
527 729
449 718
780 518
290 278
310 989
371 673
233 704
695 554
954 736
8 682
426 89
835 191
197 161
612 427
959 198
166 936
35 960
803 938
377 751
605 815
125 677
420 925
331 42
170 356
869 550
311 725
402 275
791 751
711 84
624 838
507 602
770 550
311 586
792 806
210 603
118 112
969 670
640 874
69 721
699 509
44 726
62 144
890 120
709 708
108 377
331 630
615 798
706 534
727 928
963 615
715 716
279 383
487 504
555 896
802 571
275 937
573 456
22 438
119 886
710 867
445 78
276 453
993 829
900 799
85 947
802 797
380 753
915 303
213 210
105 62
766 165
469 954
367 90
243 168
978 318
579 322
724 665
488 193
206 847
428 445
727 187
820 975
252 25
548 606
698 431
294 274
77 994
902 221
861 545
394 460
68 763
20 262
740 181
476 577
360 676
119 216
765 710
233 589
454 615
97 681
407 439
337 543
881 90
26 665
284 81
507 792
181 727
866 321
792 612
722 797
725 394
583 988
505 623
1 990
623 559
866 304
596 409
235 771
606 278
607 123
434 377
761 335
943 37
122 403
106 636
813 633
500 276
926 808
13 113
487 62
591 483
666 365
779 518
436 838
799 459
987 699
804 467
461 656
740 781
311 492
224 75
182 330
79 246
189 666
453 651
878 907
898 170
718 475
132 986
22 338
461 786
564 965
728 619
33 523
305 238
396 643
181 435
793 49
671 48
233 92
328 936
71 912
152 214
979 651
750 714
453 720
21 508
775 167
464 183
594 340
102 761
604 155
368 979
55 557
591 399
388 928
100 490
34 1000
459 381
209 278
851 675
551 875
329 857
971 486
642 666
882 55
755 319
369 72
782 741
69 903
147 921
61 739
142 41
624 593
574 931
298 358
393 394
485 788
749 71
786 211
993 420
643 614
762 818
206 443
108 480
145 106
753 925
863 80
743 574
411 171
263 833
911 750
793 695
308 593
212 934
619 901
984 6
18 455
957 493
425 676
602 912
671 579
818 949
468 270
810 529
79 948
588 265
675 661
349 398
334 354
481 254
639 61
720 905
754 965
22 399
867 702
62 924
983 544
625 880
183 184
444 708
943 738
858 698
237 719
883 229
812 223
462 480
928 804
693 620
243 515
129 149
383 934
168 685
614 38
211 529
711 888
215 105
918 518
523 114
33 482
141 983
381 306
443 142
664 60
594 325
831 176
158 298
57 85
186 691
928 480
712 407
531 829
829 544
995 264
797 2
33 189
329 710
368 300
316 964
373 533
7 737
398 230
576 752
574 95
830 37
887 12
429 756
765 976
549 643
693 557
291 751
971 113
312 722
272 195
905 323
429 517
529 351
61 846
531 249
37 64
208 866
352 638
120 522
688 812
49 562
710 297
52 643
700 375
710 184
178 105
469 614
677 1
236 311
629 312
577 405
69 209
714 6
491 131
734 221
684 946
435 460
103 54
72 986
110 886
55 179
41 961
850 345
506 8
688 754
129 422
934 749
88 806
889 325
733 189
7 309
443 307
690 720
620 529
898 261
149 141
243 94
891 7
675 205
200 171
937 918
883 110
299 161
108 823
825 809
572 562
243 380
209 188
392 492
216 752
705 913
534 626
81 506
377 803
870 451
384 719
204 448
647 326
247 418
263 697
881 300
934 310
799 137
795 604
759 263
616 441
647 811
968 620
329 738
645 50
994 756
579 818
856 717
748 939
904 942
824 43
772 459
995 2
227 108
925 755
32 142
473 812
170 756
961 7
784 632
804 587
606 315
808 398
387 13
939 584
524 634
710 277
937 9
14 323
689 275
933 58
936 466
575 629
579 654
374 286
321 642
451 751
452 700
116 938
662 859
991 645
562 487
727 931
374 649
302 90
695 562
643 122
296 100
221 26
940 552
945 326
733 511
182 367
741 980
903 453
969 217
970 866
622 610
794 404
177 446
175 180
310 114
413 73
154 998
591 376
139 70
127 519
741 263
944 119
805 45
447 396
34 227
950 61
148 111
833 801
245 889
413 157
95 635
128 19
683 291
815 870
584 444
413 14
971 620
699 989
756 666
684 143
423 245
392 279
533 350
834 943
877 779
200 643
718 652
834 990
604 756
735 258
493 915
331 120
578 475
754 312
94 297
208 668
622 771
991 74
853 422
456 580
144 113
370 950
810 427
874 614
691 164
748 83
400 123
554 916
387 263
724 36
835 901
675 760
839 949
554 551
538 160
885 23
577 718
135 818
504 46
680 209
989 121
793 790
888 404
638 571
923 505
305 156
914 814
490 37
918 174
131 552
316 602
813 288
626 170
21 25
370 461
337 156
527 747
413 863
196 81
894 392
982 482
739 960
190 304
470 771
293 778
992 271
115 464
775 166
869 199
742 863
930 77
616 959
418 281
113 663
403 183
777 966
261 189
962 474
159 530
823 555
276 798
939 54
917 310
164 799
825 67
552 773
95 801
464 357
122 897
531 913
130 778
916 733
739 786
830 447
688 596
542 371
856 534
626 384
168 432
114 364
902 619
995 187
839 452
217 77
970 437
218 446
664 614
52 32
542 550
429 544
529 370
382 512
39 312
195 787
277 525
430 485
378 794
435 337
39 883
832 203
11 558
47 356
552 218
404 631
616 705
49 320
624 252
823 308
428 52
794 42
272 304
527 66
865 87
814 920
908 485
712 766
569 859
107 756
954 295
846 361
576 285
873 333
818 502
163 183
940 933
153 365
862 902
957 882
15 640
381 320
993 582
720 647
551 237
51 852
234 546
471 435
879 54
641 507
720 357
116 514
184 729
185 470
693 190
622 268
513 808
845 467
631 454
632 480
912 934
87 368
493 57
773 135
26 828
302 673
32 389
877 979
257 703
627 724
892 503
591 817
423 995
887 158
766 162
617 430
318 709
584 545
731 690
787 132
401 193
900 173
469 146
274 480
331 145
408 914
734 18
355 352
511 920
45 564
283 451
892 581
654 242
952 914
135 711
344 101
109 574
224 424
496 653
278 181
207 209
232 995
175 311
326 193
457 54
844 902
813 721
161 212
762 568
572 24
130 231
974 924
888 349
317 627
837 108
569 774
948 220
92 437
310 484
535 245
560 975
357 823
349 691
48 333
542 578
21 81
392 655
335 625
907 80
584 163
895 203
807 507
275 730
572 604
538 860
522 377
997 985
211 556
985 897
106 914
422 686
749 317
517 947
501 784
63 57
394 470
696 682
203 938
920 818
966 9
363 672
94 528
332 413
928 380
839 366
682 167
520 342
34 610
380 129
661 711
665 828
388 445
854 216
711 193
435 122
459 832
207 486
557 903
374 125
285 708
696 341
651 815
514 545
198 62
341 895
224 453
520 146
377 962
386 95
532 200
140 82
13 476
624 181
992 841
274 904
585 814
641 588
796 514
440 891
439 119
760 324
814 97
84 646
729 591
824 993
822 700
184 918
698 873
864 81
975 327
906 858
672 872
50 532
234 201
254 780
276 438
573 680
812 160
758 748
211 603
642 995
126 212
389 258
941 341
730 728
622 490
418 242
299 29
393 976
7 672
918 206
648 602
520 617
851 649
194 425
711 609
874 799
369 418
955 679
924 814
962 153
33 139
217 854
454 613
916 314
411 818
48 968
674 884
108 728
353 835
421 245
39 266
207 676
152 598
27 322
607 593
527 17
252 735
173 88
826 666
169 245
852 926
708 730
160 464
344 109
182 925
329 511
147 714
743 532
672 123
356 764
69 485
52 725
397 314
883 945
57 697
50 402
677 119
883 862
75 813
573 38
130 919
773 548
446 20
746 554
191 915
162 939
516 346
280 546
244 787
795 389
757 298
126 347
625 616
32 88
442 378
426 903
153 197
979 81
468 458
822 745
29 569
953 751
116 452
872 890
785 393
932 456
609 77
665 211
244 416
172 453
139 20
395 110
968 444
456 144
556 355
321 987
484 326
11 94
876 748
988 982
202 975
674 760
617 996
854 523
12 636
430 727
570 434
884 278
279 950
432 983
285 357
713 426
993 682
671 481
360 121
643 940
401 553
591 574
958 691
30 266
363 731
74 922
915 192
433 441
425 460
677 582
968 598
933 556
143 175
312 986
649 509
941 893
104 284
69 790
329 697
471 978
403 370
830 15
639 645
51 164
507 806
880 316
218 447
916 572
723 726
282 912
121 647
667 450
35 760
933 159
554 196
187 533
294 843
5 652
985 192
344 248
994 14
944 775
528 582
841 385
257 624
990 226
900 270
631 756
219 314
140 139
303 713
166 627
225 21
376 423
434 827
810 686
685 306
64 247
508 929
675 356
520 224
224 90
794 90
408 273
121 880
505 615
586 792
988 148
438 125
332 720
371 138
278 746
609 736
141 77
713 155
436 598
171 739
758 677
233 62
234 257
309 1
346 327
206 854
556 262
651 42
655 546
757 797
663 963
668 687
872 274
484 88
600 801
160 638
802 37
54 350
38 627
224 629
383 60
561 906
601 741
673 816
215 841
551 819
366 463
702 421
351 281
800 701
431 657
290 723
635 883
820 167
756 736
42 35
890 431
318 140
213 442
786 162
521 87
939 320
855 620
199 8
237 341
661 787
443 570
152 829
249 383
748 871
87 695
992 721
460 587
857 757
320 222
310 590
285 656
217 330
364 239
772 134
246 207
339 987
636 579
454 504
754 690
131 935
278 74
117 82
615 895
191 939
909 108
16 485
589 920
880 228
398 723
577 260
248 142
714 407
254 420
940 725
922 120
762 379
836 902
658 590
558 79
811 542
814 949
619 431
508 422
703 87
443 309
746 38
909 560
82 927
241 694
828 406
793 239
618 124
431 881
967 182
785 883
239 20
941 163
944 220
910 961
274 774
931 294
594 915
442 228
51 691
821 347
551 838
989 661
722 496
156 462
394 471
727 449
199 424
961 704
958 815
816 708
47 532
999 392
323 468
904 359
562 895
815 531
542 313
873 902
105 556
968 622
458 452
222 373
647 614
82 772
375 393
485 729
402 255
4 95
155 477
435 5
913 418
889 771
556 475
52 835
853 31
804 629
729 146
445 234
421 276
204 612
80 666
875 217
88 181
538 366
821 723
18 736
420 92
3 76
630 77
27 850
672 685
306 167
733 332
715 705
862 368
311 154
961 577
301 480
323 568
733 509
607 452
165 625
741 978
118 336
586 193
438 138
331 806
245 692
618 190
306 536
733 159
201 310
757 265
875 690
342 936
220 357
115 73
208 421
82 386
85 801
730 566
987 141
183 384
209 13
63 894
907 460
879 504
637 54
285 65
802 835
521 467
629 658
389 35
462 619
986 97
185 454
976 87
721 596
321 262
530 434
551 72
459 176
957 854
338 963
194 447
57 877
521 30
958 37
950 921
630 493
78 988
333 953
959 637
218 587
347 869
956 845
39 985
65 468
947 50
929 332
473 959
807 614
667 435
672 491
618 833
355 412
630 62
978 567
279 190
836 681
396 122
984 76
202 441
790 302
903 517
122 368
31 862
213 551
162 539
787 744
202 264
87 973
437 801
266 557
323 532
984 762
804 45
827 132
519 586
137 856
185 215
250 655
894 172
291 451
664 615
595 17
764 680
525 326
763 967
43 145
747 722
600 552
489 495
742 194
926 389
357 497
608 380
864 860
223 715
445 733
346 130
882 336
898 749
520 856
9 338
12 675
678 516
56 787
113 870
555 331
973 248
21 731
668 618
369 208
13 667
20 160
260 500
794 844
265 410
209 632
730 78
911 55
596 200
338 935
781 743
624 596
476 825
726 481
576 663
799 469
355 108
709 837
584 918
144 515
623 479
598 171
644 761
677 803
105 774
784 572
479 324
585 681
748 147
160 364
677 153
112 117
679 639
903 843
638 758
924 358
16 363
27 745
252 817
102 367
27 877
84 106
231 197
567 623
93 228
865 139
171 806
153 823
282 85
927 359
235 159
443 74
102 205
316 698
287 85
783 880
552 506
827 160
79 215
525 281
363 666
254 107
861 385
699 490
168 626
270 811
533 879
976 580
388 722
971 891
681 965
779 112
654 912
626 911
309 481
295 146
371 856
121 769
937 857
743 405
276 845
686 656
265 212
46 819
655 963
488 427
199 455
54 462
609 901
617 370
70 551
68 574
473 394
437 367
612 435
351 425
961 365
65 848
433 788
730 34
180 7
445 165
87 442
592 222
792 560
247 878
25 76
991 127
705 898
78 956
503 433
640 531
606 322
520 105
101 922
757 376
583 54
236 419
616 142
361 630
862 10
610 99
974 704
920 612
568 595
842 94
473 657
737 876
828 29
923 307
358 244
59 201
81 529
763 673
414 309
932 434
954 342
975 508
121 481
931 122
913 539
849 482
187 218
729 787
90 515
767 975
777 721
871 925
326 198
729 956
860 210
591 290
498 431
284 534
671 154
185 207
337 233
194 775
690 896
15 279
290 274
147 135
579 392
561 949
530 920
493 138
261 4
708 947
615 305
398 423
256 396
504 609
995 297
856 545
801 224
498 211
344 373
140 407
4 969
855 898
472 217
385 970
411 118
543 801
952 850
91 750
147 447
313 664
20 951
687 810
531 278
914 242
878 196
536 640
723 638
884 310
411 148
732 387
532 692
537 966
644 942
258 225
350 395
720 480
726 742
58 139
791 62
169 347
667 244
634 385
467 26
503 808
218 693
736 465
255 155
40 456
900 598
80 953
752 956
196 715
912 12
822 515
344 638
419 329
975 35
962 926
987 625
976 750
561 388
484 477
637 753
33 611
803 67
845 964
93 895
353 722
194 726
546 419
283 779
840 220
521 656
522 392
194 585
747 639
626 580
149 287
392 572
945 656
758 113
72 260
401 690
129 835
7 870
691 817
945 737
431 618
147 163
845 8
556 957
480 936
669 250
667 233
883 765
172 581
321 261
69 943
173 897
872 152
947 742
752 638
199 173
166 62
524 851
928 9
468 818
195 538
812 106
970 412
471 953
493 801
973 535
385 982
688 649
504 518
998 938
624 791
734 195
294 813
762 909
88 116
967 462
882 546
459 767
528 604
47 476
632 73
108 158
606 165
719 462
166 506
260 907
488 450
890 735
412 606
948 568
953 914
606 52
37 359
650 850
563 995
835 902
808 26
537 764
970 32
408 392
904 525
362 51
789 478
774 232
109 457
724 773
174 290
785 399
515 290
704 377
661 466
177 807
185 265
529 898
110 527
205 265
559 538
858 597
140 472
15 568
91 430
111 931
811 937
627 283
119 628
484 215
343 731
487 988
825 757
953 296
727 924
924 767
997 31
964 232
17 829
521 637
445 589
726 422
855 6
345 457
806 590
517 905
556 706
411 754
711 583
935 63
919 666
21 587
885 908
47 975
484 875
123 189
214 84
881 489
276 639
190 989
854 36
820 124
913 438
697 495
114 363
167 503
298 354
492 44
647 830
553 604
395 661
640 520
643 507
860 915
735 1
701 145
526 36
984 155
861 939
313 833
210 543
656 542
3 118
701 115
407 776
800 428
32 518
876 627
377 826
376 425
943 795
747 106
284 140
892 881
989 41
202 301
754 878
701 853
86 256
525 391
840 423
912 84
788 591
735 618
79 214
228 700
521 100
139 165
675 503
859 626
775 913
59 906
41 651
559 585
107 646
716 808
497 614
777 692
172 58
104 640
233 60
253 33
275 707
976 980
902 492
959 277
565 686
432 870
347 85
789 950
337 927
873 253
746 373
855 437
536 459
720 344
702 472
295 98
189 763
191 93
746 388
530 729
913 213
397 974
324 562
91 217
487 797
759 779
177 784
237 160
130 890
243 563
100 232
473 58
436 170
627 729
132 163
105 711
678 914
237 450
934 488
456 850
109 136
113 333
22 513
313 643
631 7
903 781
38 726
994 417
460 581
389 591
874 667
841 466
677 188
736 744
278 217
102 778
299 862
374 310
303 894
14 711
422 468
74 82
173 286
818 85
13 437
714 2
933 356
365 866
11 732
822 548
714 405
480 99
244 196
392 965
746 770
201 143
37 529
75 674
391 30
379 708
23 18
396 752
969 178
932 258
239 304
167 567
991 865
656 452
436 564
552 757
223 876
684 498
286 742
515 839
711 971
640 172
78 144
155 885
816 955
147 281
404 424
261 353
64 861
157 176
472 670
333 335
461 282
337 788
319 908
893 375
513 777
588 407
393 155
80 193
669 55
981 773
798 837
468 680
735 298
701 390
773 9
373 757
947 826
899 959
77 573
174 617
394 873
221 594
368 42
207 483
777 296
339 125
985 141
969 560
456 989
933 85
167 572
44 828
316 185
709 574
199 780
659 324
306 210
164 244
992 989
373 218
304 511
997 267
878 781
289 161
700 117
965 119
468 433
804 11
578 268
790 98
993 86
261 880
65 871
430 877
288 775
153 8
599 583
304 172
966 754
235 388
516 677
920 294
295 486
776 778
10 274
764 757
728 515
340 969
328 945
965 712
408 105
337 197
335 598
229 511
121 734
674 348
140 608
15 596
950 49
916 129
898 404
246 764
803 305
567 312
915 971
916 112
169 685
902 71
371 317
54 260
592 859
76 996
516 502
731 416
699 590
506 264
491 913
256 617
419 999
459 178
796 275
356 266
798 673
489 879
255 516
991 144
96 967
796 386
669 908
752 462
56 437
259 376
908 603
764 381
503 459
730 317
839 109
201 553
471 809
147 719
605 103
247 966
179 94
308 634
517 266
520 34
394 664
795 120
421 544
31 570
501 397
822 851
573 35
648 326
636 216
374 466
248 490
141 183
914 505
458 343
728 931
66 726
330 323
149 44
41 908
631 563
944 715
927 274
433 74
935 775
706 793
641 734
571 157
594 790
866 595
301 801
779 360
138 368
451 267
237 742
419 361
918 797
975 292
853 824
658 460
15 547
788 377
736 58
242 783
704 536
686 408
745 188
929 421
983 238
797 358
363 958
779 487
163 586
298 815
686 634
1000 157
232 39
106 683
327 680
110 72
238 125
759 677
940 257
412 170
216 603
893 319
753 340
536 142
220 911
228 386
967 729
364 706
56 115
95 946
721 263
71 659
906 403
428 851
89 237
640 747
18 211
956 525
759 120
463 559
375 371
711 245
361 788
878 286
237 366
807 806
79 639
609 353
855 570
270 612
293 61
973 651
111 435
269 4
255 495
827 742
184 612
238 667
187 647
761 366
923 11
355 477
395 626
583 221
107 172
438 564
142 258
408 711
120 721
199 613
257 998
501 938
282 83
232 794
672 727
805 773
666 509
943 907
982 871
913 684
900 958
733 84
515 257
845 570
666 741
307 267
6 916
387 914
500 809
600 407
429 275
694 289
975 519
189 935
928 825
360 299
488 864
824 762
327 985
897 114
402 560
663 623
579 368
204 641
826 59
140 571
902 124
270 506
842 801
759 536
336 82
299 102
816 844
247 765
161 25
15 418
390 923
119 238
526 602
786 529
855 154
108 637
15 467
789 760
597 463
820 162
217 915
753 193
535 905
241 53
243 675
834 2
483 112
781 521
508 856
821 824
370 828
830 485
481 631
355 138
28 124
66 811
871 711
623 509
660 617
216 750
44 970
540 967
652 649
209 817
417 818
109 792
972 410
973 687
319 991
670 721
987 939
883 874
274 766
773 744
867 261
245 153
248 435
545 537
786 357
53 866
607 207
40 95
188 207
207 221
567 589
749 618
110 904
808 68
19 799
131 825
528 323
286 599
892 918
220 207
469 703
130 227
277 368
462 180
713 90
219 897
989 189
112 607
274 834
499 433
10 492
387 294
211 357
177 405
823 58
358 423
201 488
704 465
667 711
180 562
791 1000
220 307
538 856
159 432
650 716
518 249
465 735
621 618
508 574
237 865
129 918
223 402
261 241
436 37
79 250
555 149
200 958
561 516
670 230
428 757
155 352
105 384
603 129
87 272
610 767
864 723
960 914
673 51
433 822
181 849
125 718
464 688
602 506
895 595
17 320
966 326
551 391
242 509
302 538
887 495
753 975
240 230
520 440
744 995
493 605
467 636
9 518
801 546
568 275
739 490
540 362
541 172
391 441
378 862
734 19
918 458
343 945
439 450
225 82
323 573
587 579
224 150
736 1000
832 981
528 62
804 155
496 794
851 224
249 694
395 70
681 609
634 579
46 685
693 574
180 615
571 38
954 74
483 750
338 716
267 785
732 459
906 952
375 949
447 24
589 223
683 294
439 676
741 484
281 574
191 7
447 105
52 383
604 828
218 99
751 63
845 6
295 37
410 592
691 928
195 337
471 740
555 241
313 254
354 466
100 210
122 630
801 17
323 437
180 74
588 383
402 60
773 219
167 380
117 945
772 960
326 398
688 429
873 615
947 744
584 750
144 651
380 401
156 477
939 380
688 572
781 593
198 493
959 579
933 790
611 388
313 585
762 792
764 382
782 69
440 969
516 985
52 721
291 571
164 267
917 851
415 870
329 761
501 702
596 261
24 781
153 943
193 446
19 742
481 123
306 326
474 996
952 684
37 502
222 946
740 779
652 149
84 823
527 759
852 316
943 615
305 151
219 84
589 703
591 81
629 142
940 815
724 388
362 979
716 774
9 633
718 332
96 235
423 336
98 953
279 748
358 367
395 912
951 222
864 224
93 754
96 346
280 17
394 57
841 656
730 696
858 373
450 128
575 896
348 656
673 808
525 775
285 34
52 339
848 286
753 506
882 222
989 730
225 885
337 851
104 98
801 76
458 569
151 439
132 314
958 234
355 947
712 496
475 634
668 267
104 256
677 467
649 588
665 847
744 816
598 63
450 679
434 352
376 637
308 313
403 743
189 10
304 491
339 741
31 763
412 367
285 535
179 12
382 517
255 281
737 522
888 906
523 839
781 343
16 63
216 7
400 190
683 637
62 586
249 65
912 949
770 923
553 25
496 358
212 162
161 487
107 60
749 645
73 252
680 916
127 943
12 73
5 889
316 311
154 150
231 932
433 117
236 638
809 466
168 486
315 393
23 952
945 18
488 579
729 651
613 937
556 428
501 591
604 416
822 491
976 583
979 828
817 169
267 200
250 567
719 774
51 810
876 867
756 954
264 545
674 500
177 564
113 694
613 225
959 501
216 649
507 410
426 108
561 543
618 935
86 978
103 219
181 966
844 138
772 703
140 935
329 712
644 369
403 293
42 47
481 517
52 964
199 119
919 414
766 434
316 945
264 204
51 132
146 144
610 941
41 510
226 930
152 769
27 191
47 176
303 26
674 666
878 682
917 794
683 968
467 293
107 250
288 432
809 114
465 836
27 989
148 831
243 893
973 912
278 78
120 750
16 473
828 24
540 388
779 580
746 753
322 949
737 214
415 1
48 184
667 952
7 443
727 616
893 832
452 26
257 28
493 765
620 527
306 707
279 788
429 336
458 957
572 601
560 177
190 460
724 652
391 847
967 748
219 76
863 943
76 467
957 977
558 507
780 573
793 446
940 315
41 50
773 341
920 823
440 434
377 918
983 356
218 174
593 490
995 298
248 933
372 939
288 16
786 883
787 54
187 770
114 350
497 430
260 94
298 169
118 318
359 512
823 986
714 529
75 73
378 917
938 985
876 778
463 998
389 911
545 873
772 226
364 41
978 813
503 406
515 766
917 830
853 619
23 463
89 375
329 288
486 894
966 52
735 889
24 929
166 556
892 836
183 939
814 251
317 545
657 332
509 281
607 448
33 457
426 831
517 402
376 82
799 242
875 904
750 868
804 132
236 582
992 172
188 929
266 791
31 21
470 543
898 368
58 405
295 480
443 341
979 775
653 506
675 30
239 199
703 628
831 387
29 645
730 562
585 365
115 506
268 400
246 784
651 118
45 411
780 594
744 354
767 706
327 561
897 298
203 623
129 832
391 387
6 14
546 243
750 275
952 326
442 475
132 432
673 252
12 778
720 177
117 783
191 228
838 865
380 291
950 627
886 637
268 74
482 271
247 13
605 923
441 530
173 783
389 850
925 288
775 336
355 819
156 914
673 312
838 658
952 881
327 155
666 341
957 177
189 86
696 374
4 349
69 369
885 42
984 416
957 653
553 77
917 564
704 47
776 492
226 319
887 566
67 993
563 996
326 770
741 865
588 312
67 910
461 557
733 477
24 603
158 746
140 849
803 147
514 66
215 729
926 969
496 775
478 891
103 346
435 932
24 377
337 442
650 661
923 651
815 627
966 623
163 878
133 586
337 39
104 822
12 633
147 482
220 756
239 72
612 726
760 801
635 671
327 533
440 455
519 155
668 759
959 464
835 94
646 740
254 670
506 699
323 259
782 138
318 10
564 294
307 823
633 665
368 335
255 570
40 553
8 71
230 876
230 30
584 922
193 206
568 494
397 508
93 429
238 558
47 881
744 751
951 554
330 48
682 301
231 846
562 327
305 758
861 985
344 658
770 681
357 846
598 504
909 67
988 476
532 990
112 343
757 137
741 820
31 13
561 452
822 607
904 556
210 975
50 868
433 116
704 434
755 537
538 49
150 331
337 464
887 824
448 535
804 220
392 778
242 734
24 341
78 8
870 36
102 946
621 866
231 538
954 3
439 969
135 464
764 942
506 906
552 570
831 296
543 356
581 689
276 841
224 522
964 350
622 278
125 966
661 346
984 997
578 712
7 568
878 111
498 843
299 262
601 906
105 571
260 123
668 360
463 668
781 519
928 197
783 323
164 543
493 853
227 121
981 64
950 837
402 295
540 576
294 793
761 558
136 391
654 73
568 394
264 290
114 620
27 47
377 422
499 930
641 815
126 555
674 415
914 285
316 884
460 727
76 392
652 489
134 912
999 770
766 539
322 656
567 734
199 698
718 862
701 916
334 679
80 834
637 790
417 809
255 227
918 415
278 62
649 698
587 889
729 452
185 678
754 913
765 393
524 913
818 178
819 759
624 365
827 192
850 227
906 721
706 863
767 890
823 52
775 945
478 819
229 375
56 659
932 668
276 408
8 790
685 68
962 715
724 542
871 921
711 964
459 481
474 273
202 768
591 302
10 95
708 10
986 372
237 974
617 48
85 618
926 80
640 105
660 100
733 634
313 119
96 609
663 851
833 632
831 221
941 525
158 265
290 641
38 995
816 761
982 202
51 596
470 414
482 360
293 256
645 59
833 267
228 299
755 147
674 989
34 636
199 90
269 785
557 880
375 309
412 289
529 316
118 847
164 273
936 330
614 793
5 719
856 97
571 404
322 581
514 571
970 169
783 609
127 123
643 210
131 902
631 699
692 557
879 877
491 868
464 763
927 315
503 981
400 820
110 880
67 546
704 168
859 526
940 837
873 382
690 284
249 692
31 20
343 262
475 182
936 932
560 880
466 847
619 287
860 3
73 759
864 198
77 295
546 302
76 609
35 150
759 956
480 573
617 44
925 251
198 807
275 474
441 966
626 72
843 559
128 264
384 674
530 460
104 151
307 986
990 573
256 620
475 528
703 152
227 211
195 625
624 557
697 471
810 94
578 466
269 467
880 278
705 989
84 270
799 167
752 336
91 718
592 297
446 636
566 861
273 218
956 825
173 577
778 869
203 471
569 23
400 227
992 525
518 867
117 100
407 325
157 973
874 609
331 61
417 384
202 418
577 342
634 417
227 589
269 848
553 221
279 411
572 792
799 320
413 645
847 84
206 324
781 403
206 10
70 407
491 758
168 411
158 890
654 671
272 489
759 866
329 49
561 53
335 902
854 914
820 742
660 335
970 611
594 55
153 267
427 932
524 270
11 165
655 724
603 271
627 133
699 784
65 700
979 512
263 331
413 122
458 169
702 544
439 650
703 841
635 527
552 893
954 817
494 238
150 970
318 440
13 662
677 767
513 886
952 466
882 47
498 804
389 147
892 116
506 299
33 169
471 635
38 186
935 136
242 289
320 443
446 626
302 767
492 153
387 832
635 75
941 281
18 97
950 894
388 371
249 357
692 161
18 813
960 329
735 13
666 516
647 843
465 862
695 302
563 37
1000 905
58 935
496 664
60 121
316 467
580 864
980 58
231 192
378 660
107 62
434 930
515 983
164 15
183 893
295 871
390 569
84 998
654 430
586 32
456 978
261 804
373 256
999 76
488 566
804 78
366 699
818 286
948 941
20 684
828 715
22 374
650 551
797 948
229 338
529 610
90 552
987 20
25 131
387 804
47 412
158 993
859 788
585 989
81 78
884 193
850 945
869 147
101 249
854 553
231 618
915 919
737 481
635 698
168 960
30 78
769 302
76 312
684 191
924 590
285 4
198 879
237 779
545 370
960 794
778 391
247 470
543 645
692 321
677 659
859 208
199 339
679 69
53 247
648 999
332 112
61 686
482 325
464 312
912 812
911 22
679 218
220 797
901 108
843 629
561 767
969 830
843 981
494 599
354 250
687 684
907 804
655 386
325 555
861 745
75 60
868 503
28 532
100 601
855 731
292 267
23 421
407 74
728 209
882 614
272 78
726 735
515 930
553 123
421 715
683 744
323 269
836 750
374 677
396 63
552 189
568 550
525 730
296 891
497 111
101 712
415 114
993 78
810 652
816 449
762 389
487 348
344 534
22 686
755 756
420 363
376 498
906 734
393 180
714 371
388 183
759 559
93 790
41 747
188 526
390 470
102 972
473 472
971 909
220 415
104 736
358 309
768 817
733 855
422 598
225 608
797 698
711 852
241 98
327 591
347 181
154 735
929 211
508 96
539 924
920 906
302 75
137 416
949 185
143 254
652 112
698 259
294 382
906 372
212 979
18 372
175 709
939 132
137 130
929 942
803 853
900 249
217 871
187 885
350 195
564 61
191 646
450 540
865 635
772 209
870 756
249 142
66 556
804 706
386 935
740 572
665 852
287 357
108 198
109 539
406 29
465 567
356 948
123 899
883 617
719 962
957 670
724 127
942 50
836 593
139 259
138 764
567 963
809 415
97 413
119 984
887 882
763 832
949 622
400 836
79 138
872 916
444 533
414 421
769 170
714 782
326 593
639 593
495 186
701 635
595 232
832 758
962 701
689 83
563 582
345 677
716 876
73 758
935 722
383 913
558 335
393 767
655 755
94 955
183 414
507 358
381 257
622 778
744 283
816 952
873 185
15 374
346 513
147 166
479 773
650 51
725 605
137 476
569 449
553 836
699 578
630 682
207 911
450 956
451 975
588 378
290 533
76 38
990 947
964 924
906 507
332 830
643 740
769 929
676 646
173 781
877 37
570 575
826 677
488 168
61 952
673 318
804 512
732 475
778 915
913 120
986 606
996 443
661 966
869 179
596 273
209 911
322 678
629 343
956 937
973 965
24 10
139 577
13 505
876 295
552 117
990 299
224 198
705 393
157 750
305 59
809 507
3 332
888 412
742 267
307 669
339 356
182 242
208 475
521 932
370 626
634 755
709 227
486 164
290 147
491 766
78 50
358 354
289 873
797 753
708 60
301 600
177 700
270 627
202 857
778 142
506 999
793 567
767 736
419 728
757 238
96 443
319 66
466 754
640 82
664 88
601 515
618 739
823 592
869 306
928 332
824 141
273 889
275 215
204 151
96 776
857 696
321 149
341 90
363 510
90 346
146 24
169 841
186 873
904 180
763 113
102 293
583 810
606 473
328 564
700 518
981 27
359 731
697 716
862 246
848 928
620 444
217 375
201 858
383 166
144 679
598 399
909 496
566 368
508 981
906 343
496 665
939 793
889 406
128 198
690 225
280 626
749 642
254 288
718 755
999 254
884 782
650 962
978 311
49 395
675 365
378 631
823 189
534 176
735 593
64 650
118 637
980 392
187 180
79 322
745 354
106 428
785 767
716 805
3 582
613 443
119 678
474 315
220 299
262 64
724 619
676 758
181 176
402 703
555 399
719 688
833 737
101 631
686 193
762 403
203 553
111 160
459 387
167 82
738 906
869 116
392 328
446 159
711 657
712 305
795 730
228 644
523 331
542 437
925 83
860 525
379 89
253 796
807 19
761 865
801 222
730 44
142 982
775 965
678 772
40 632
954 564
242 322
958 20
838 574
259 295
553 593
321 994
584 952
881 76
456 855
716 173
28 239
891 945
2 669
680 710
718 898
345 113
779 778
961 163
688 805
339 883
255 399
592 385
45 701
340 399
53 878
537 925
455 590
701 914
780 263
356 913
218 990
862 415
828 27
979 161
57 968
158 518
396 399
510 53
737 983
428 787
153 134
427 547
654 570
605 216
699 415
439 152
6 997
126 884
766 469
375 832
76 665
901 856
704 422
279 672
474 364
367 475
978 204
979 733
428 173
585 374
689 120
84 284
6 150
229 87
879 493
653 266
371 826
194 769
90 222
898 687
632 405
789 695
171 128
911 196
311 920
147 107
440 223
829 603
117 985
707 355
929 941
201 187
768 493
298 627
866 448
721 323
830 127
243 643
105 965
887 368
855 920
592 176
977 618
46 574
946 507
178 849
291 690
290 835
757 523
353 477
669 709
36 710
330 999
772 210
597 35
982 743
876 30
783 484
884 561
406 419
954 991
559 672
102 466
653 930
550 298
577 328
339 109
875 111
218 946
362 217
344 580
897 754
889 642
629 5
672 898
124 947
214 133
197 169
514 125
276 344
931 539
716 169
104 939
353 724
673 693
266 229
257 494
721 705
427 954
138 443
617 37
180 530
492 860
662 510
484 20
103 614
967 717
626 977
702 522
214 341
274 531
102 602
283 306
509 700
369 457
997 199
981 706
963 971
90 37
734 778
762 290
161 438
66 77
319 653
730 228
219 292
402 75
666 780
152 606
852 567
789 880
1000 202
938 952
932 220
29 409
637 171
469 338
280 416
459 868
423 641
174 761
502 154
605 555
551 611
594 559
588 831
865 390
294 694
669 602
283 387
636 531
325 772
131 87
4 495
390 960
135 999
967 981
936 70
794 172
776 495
889 106
426 918
361 705
988 362
164 104
607 400
5 852
62 799
28 667
233 415
36 908
453 130
690 55
643 774
802 597
487 359
163 53
866 620
10 416
763 988
869 96
34 314
471 211
272 491
550 786
846 389
116 226
371 331
362 878
409 695
525 545
486 391
821 635
163 992
113 573
212 567
243 142
485 245
531 589
503 240
823 653
998 445
214 140
954 831
204 434
388 825
988 202
526 579
928 478
603 92
416 162
803 526
312 115
705 748
794 855
68 592
821 190
626 38
95 922
636 113
389 802
263 777
503 132
711 355
986 878
971 254
647 935
468 860
696 55
491 341
188 339
10 988
744 835
406 628
435 186
256 775
795 170
636 960
305 666
268 362
497 671
771 325
717 641
580 979
976 342
445 350
104 332
412 521
72 714
35 478
109 593
827 618
353 231
45 745
598 511
724 902
607 359
760 422
763 557
362 142
382 197
747 303
572 13
231 928
788 597
662 122
81 959
563 739
893 696
965 219
822 380
383 586
654 850
906 651
484 403
232 588
141 645
449 989
780 823
160 680
927 160
439 970
262 65
638 982
713 509
869 226
120 479
43 507
169 744
793 422
823 518
869 452
673 185
820 824
973 358
356 376
159 799
346 818
535 900
833 300
743 993
119 11
820 94
288 103
713 906
790 818
900 150
9 819
874 995
766 828
69 532
235 820
786 444
202 183
880 62
494 806
157 256
718 861
810 616
889 433
653 14
321 557
1 431
165 756
116 358
760 56
814 227
124 825
361 665
76 948
457 142
168 311
277 379
794 23
365 563
463 352
13 629
106 239
949 681
932 441
225 299
897 211
781 166
68 167
15 856
664 934
883 346
385 91
533 466
79 289
547 83
958 667
797 519
121 708
432 169
570 387
43 257
651 78
102 812
52 497
172 826
564 596
105 361
512 423
566 238
772 633
954 772
560 403
100 84
156 454
484 971
216 617
933 650
238 62
721 160
960 888
284 418
782 417
894 901
954 614
756 942
138 939
530 473
624 100
347 627
169 887
242 359
339 579
48 948
431 403
146 97
147 840
442 952
683 778
8 2
265 693
821 904
592 320
904 988
833 42
389 540
87 851
808 376
23 459
904 939
959 655
302 134
41 248
696 509
814 285
636 639
840 696
911 601
435 400
2 245
75 905
478 485
758 142
857 751
70 140
991 540
650 776
908 270
272 152
376 860
597 614
332 641
349 381
144 625
817 11
603 518
654 646
716 799
552 328
680 285
702 862
279 711
176 108
15 557
317 616
254 821
298 531
431 797
12 593
215 186
276 46
794 559
57 778
427 970
798 239
344 570
849 53
557 380
869 58
943 947
525 798
930 174
843 595
751 58
647 271
924 944
440 163
363 758
753 418
733 716
848 224
260 280
752 742
678 754
888 285
739 992
542 285
412 98
142 911
677 568
119 59
18 792
209 594
229 671
235 734
892 215
494 525
633 583
812 914
136 499
928 127
32 164
888 883
761 491
193 151
1000 513
948 481
308 576
331 289
674 961
585 518
53 820
718 874
3 566
98 415
762 118
304 514
446 861
199 773
36 332
145 310
936 71
990 158
486 174
782 650
35 259
73 84
143 852
442 259
870 835
926 561
323 540
909 829
736 355
365 333
816 395
444 580
304 255
604 418
92 118
599 551
304 78
983 902
56 735
236 821
384 214
702 890
918 791
610 921
116 227
673 592
410 630
443 482
926 397
910 790
505 797
278 607
225 686
566 128
239 180
267 897
215 975
384 867
149 429
744 377
356 103
659 788
380 125
979 686
124 735
5 174
246 530
27 134
359 785
470 951
324 596
734 999
346 940
717 235
954 687
648 974
242 205
355 950
352 665
342 144
159 826
311 963
27 392
599 376
782 264
363 496
198 173
182 806
47 810
341 457
305 627
381 984
921 853
957 175
728 329
359 725
985 94
779 119
109 814
484 247
833 18
338 592
230 578
446 543
251 421
749 350
606 249
166 398
688 906
302 190
430 499
895 889
606 136
221 438
543 445
193 413
273 485
130 102
537 137
14 524
188 775
887 903
728 820
53 727
568 925
805 912
457 866
202 51
81 958
209 72
512 912
417 476
89 879
699 482
292 948
639 210
334 11
229 351
286 174
674 498
954 156
24 345
722 80
387 809
486 465
630 926
678 43
203 717
97 866
651 37
506 918
729 985
401 738
293 980
21 293
560 25
449 766
217 586
414 812
949 231
911 381
159 760
753 409
988 576
661 358
2 728
158 201
299 493
228 477
229 868
195 300
410 106
810 581
189 470
259 217
319 887
378 273
553 531
365 245
665 957
428 813
363 476
40 521
691 848
166 121
960 682
29 431
515 632
772 554
960 729
722 984
616 363
283 44
431 220
587 90
594 566
353 288
596 484
635 869
950 755
838 361
396 212
509 513
458 109
421 359
886 101
524 728
562 359
165 751
527 463
602 548
785 12
684 790
854 378
671 552
412 925
239 746
809 279
540 493
10 692
727 769
28 685
508 712
289 178
261 773
79 2
364 658
373 481
147 904
842 816
362 114
469 830
328 190
577 573
559 645
396 751
172 556
956 407
261 551
353 718
859 708
638 509
382 339
616 59
485 42
147 433
292 654
392 520
500 553
25 421
306 990
440 276
77 97
759 581
232 214
730 893
894 680
181 3
94 764
422 311
884 454
480 900
163 76
502 577
967 521
968 953
826 315
898 860
686 807
13 731
307 962
354 443
160 224
235 612
57 856
152 580
136 73
535 536
94 312
209 646
192 863
100 632
672 105
965 572
93 401
562 696
815 94
623 765
865 489
525 149
377 55
503 691
605 487
515 899
718 702
10 729
836 717
781 124
932 248
456 305
774 783
482 423
214 984
641 602
839 603
475 492
112 482
386 375
519 750
813 461
10 394
599 604
286 343
396 659
774 440
480 356
944 403
998 218
766 70
258 607
703 627
758 762
449 900
711 932
638 924
180 540
219 62
916 136
725 484
77 180
987 861
251 641
589 217
973 122
372 583
581 629
105 324
489 677
164 927
128 413
24 222
261 223
546 127
621 729
379 146
569 454
113 962
609 965
705 518
759 335
635 667
778 346
797 46
566 277
968 548
935 224
481 983
69 824
397 753
553 619
806 151
184 130
668 172
815 431
47 785
174 782
691 354
359 688
75 249
147 724
520 90
575 700
652 591
340 227
640 979
967 439
723 546
944 789
984 54
911 527
473 567
58 911
104 746
3 2
222 154
4 489
723 915
559 121
943 158
463 777
840 725
698 735
610 35
3 147
116 296
207 147
642 486
753 553
754 834
225 112
153 211
45 933
710 921
353 788
339 361
141 483
59 102
941 124
735 989
211 291
286 179
401 987
418 987
880 658
590 797
332 545
440 750
21 415
208 378
150 637
85 716
929 446
513 63
846 165
99 992
206 772
172 876
410 777
507 263
452 396
424 817
149 428
479 981
741 2
410 952
765 412
983 453
424 960
812 307
741 147
468 521
52 200
221 815
479 139
9 59
265 385
412 208
33 173
198 545
809 604
155 382
906 410
240 326
717 972
333 963
190 852
310 918
363 384
532 423
368 26
645 128
631 59
333 852
264 165
885 124
247 818
431 59
421 497
829 468
578 212
688 828
692 860
469 485
342 605
938 700
235 104
363 63
861 980
883 772
683 640
391 511
31 916
359 11
127 63
844 917
421 676
300 955
466 463
213 706
913 788
326 867
707 752
210 968
979 69
969 84
828 336
853 899
707 558
121 445
837 415
803 3
241 640
868 635
41 969
941 497
784 436
180 549
228 717
941 258
444 830
263 282
431 980
252 272
767 560
295 695
366 251
993 595
345 444
897 277
863 966
133 843
975 980
138 851
752 833
402 860
612 469
100 1
446 109
748 635
610 722
55 811
612 420
613 973
321 197
621 306
862 68
181 881
789 626
406 606
902 947
299 650
433 668
252 682
971 156
97 751
846 748
207 614
523 699
265 671
730 333
658 478
571 963
808 527
80 394
227 461
239 934
75 129
705 10
562 661
190 594
579 787
508 901
472 403
753 774
347 981
41 130
924 323
502 371
909 17
468 199
662 843
888 650
249 976
54 571
987 508
504 700
480 140
758 211
245 388
192 304
671 696
802 697
268 253
586 64
70 305
146 74
515 68
177 448
884 877
558 234
110 749
550 638
719 93
671 990
177 398
474 760
629 832
405 150
340 957
21 63
370 264
703 606
188 761
580 171
963 293
295 643
907 873
16 554
682 711
241 573
93 564
315 742
231 711
300 370
772 92
51 780
968 31
870 44
204 278
102 701
910 638
654 119
641 219
69 573
529 516
906 225
945 589
664 403
739 633
464 393
82 984
122 605
158 413
398 428
291 828
333 681
119 120
446 408
69 835
329 750
826 538
496 137
213 412
579 830
283 237
782 193
260 818
365 361
863 510
354 53
490 970
421 56
494 742
478 43
9 702
653 765
621 201
113 498
499 937
28 381
451 842
70 992
681 29
719 509
478 325
26 330
637 836
72 516
145 328
143 973
642 259
291 243
139 765
316 262
637 934
794 105
23 905
743 62
58 300
920 447
141 376
447 722
174 382
474 732
77 337
258 685
412 516
708 437
637 377
196 97
974 649
91 349
612 937
3 643
794 698
618 70
910 824
164 165
590 32
152 118
725 775
214 500
87 126
882 290
452 472
285 87
532 72
993 756
243 469
873 846
33 23
986 119
514 434
788 161
220 931
816 666
484 888
820 242
394 308
94 507
868 198
52 11
345 7
352 869
938 20
942 948
999 701
692 91
398 170
240 170
421 75
959 975
138 687
776 115
899 784
729 75
490 689
677 235
291 544
418 459
916 769
847 543
278 302
669 599
616 717
792 196
364 297
572 262
645 478
259 175
799 402
753 607
704 37
905 754
304 403
269 843
862 346
738 348
296 823
850 386
23 828
743 205
943 698
693 968
451 469
583 420
306 464
297 539
151 500
827 845
184 825
789 342
276 383
499 110
564 970
492 925
777 647
760 73
548 306
309 354
546 687
712 59
275 287
305 91
445 723
68 814
824 452
490 105
29 962
247 344
341 915
755 157
246 528
467 869
88 622
473 436
769 743
573 402
333 736
371 533
82 928
450 924
805 953
255 595
590 504
777 61
265 273
714 704
648 814
528 772
377 690
344 421
100 930
430 279
13 853
160 503
117 289
578 213
106 562
948 455
877 295
832 686
477 953
424 59
982 546
734 67
313 953
316 488
444 149
835 988
904 166
808 80
149 696
813 737
425 544
407 880
728 903
718 614
165 686
741 911
408 493
906 596
463 393
727 748
766 338
126 205
115 892
625 959
262 395
219 810
607 663
223 994
280 854
615 136
398 144
492 897
201 500
498 302
699 135
742 21
305 406
724 987
253 56
629 909
462 284
444 831
67 428
855 479
286 78
767 563
661 130
720 450
917 232
721 927
298 888
281 590
637 3
846 817
461 365
778 49
440 88
424 957
824 642
643 770
864 719
691 434
327 426
518 337
332 508
800 918
234 337
949 379
207 609
523 698
545 838
394 890
70 731
971 108
991 97
539 352
499 863
908 539
526 158
451 960
752 157
279 894
147 527
745 996
714 809
967 393
667 117
227 682
304 637
891 659
970 14
808 189
594 658
562 500
526 480
835 952
360 391
826 195
336 829
852 413
103 37
415 121
897 746
555 914
538 236
172 354
31 169
612 848
404 893
559 189
561 406
580 502
252 202
33 605
305 208
846 337
614 157
228 552
447 270
582 447
965 333
343 489
460 756
875 696
900 786
525 533
482 796
529 722
141 780
624 56
242 847
354 885
150 570
351 94
380 961
453 667
918 575
877 751
765 466
34 946
521 384
920 911
189 534
651 801
263 543
871 714
158 371
401 494
437 472
501 661
873 994
447 836
555 26
649 465
913 484
414 699
759 951
972 65
316 411
393 380
894 874
143 264
994 376
811 338
80 472
283 157
739 52
28 207
30 773
113 497
611 78
540 82
265 916
881 325
896 974
143 607
529 193
884 573
403 770
889 481
230 667
411 287
359 509
107 108
325 572
643 216
936 110
240 843
884 684
331 612
521 308
316 400
770 173
303 650
902 875
736 491
681 318
150 43
290 657
836 606
54 695
257 855
608 763
685 318
965 15
223 917
386 484
779 327
654 645
107 407
737 209
978 29
483 649
870 23
488 785
784 366
811 932
684 463
498 374
262 125
923 853
610 354
824 698
822 69
439 527
968 249
699 891
993 666
100 484
891 467
240 585
416 299
762 409
609 618
60 858
631 493
81 465
358 903
863 686
639 951
566 439
437 685
90 372
191 370
203 191
563 384
105 646
515 549
296 365
888 775
649 175
407 171
672 24
247 808
655 449
587 407
145 120
184 482
27 333
528 967
231 500
583 99
415 765
87 880
827 725
937 117
334 967
960 434
500 491
669 598
567 751
52 584
99 5
424 239
575 924
743 316
943 152
434 329
608 595
456 704
697 774
918 848
280 558
325 34
382 505
383 380
130 48
921 299
689 775
801 913
797 825
232 709
193 833
747 166
710 814
73 443
379 23
922 376
519 716
908 325
529 632
91 267
791 597
494 244
239 371
559 556
530 950
68 9
552 694
426 463
387 863
413 195
840 113
57 361
25 971
651 907
443 567
582 673
361 895
521 619
738 995
410 902
531 702
548 608
474 245
433 916
431 641
88 542
485 548
511 548
664 379
84 360
941 881
783 114
160 734
222 312
759 115
687 662
449 204
251 344
179 487
696 59
865 708
832 395
122 64
122 231
451 999
677 317
109 811
593 614
904 919
578 210
890 224
748 945
92 610
827 753
184 621
743 445
503 708
624 11
273 329
662 685
774 939
191 112
98 446
245 61
961 996
359 5
288 439
571 613
224 264
316 344
562 416
642 944
415 388
453 209
730 369
560 577
154 327
412 858
328 133
299 882
554 671
907 281
689 188
46 275
763 783
103 230
604 265
913 564
516 727
461 808
813 19
427 728
140 707
324 96
163 162
465 203
534 407
349 723
632 49
903 38
487 613
592 623
223 643
688 82
465 79
319 188
394 197
34 60
211 116
759 610
599 903
229 143
53 874
660 79
385 575
579 417
74 851
789 670
228 472
29 25
103 904
346 911
954 590
39 480
661 288
902 806
643 658
695 757
717 797
886 956
999 137
320 413
394 744
971 158
665 819
722 836
523 701
344 386
571 965
109 894
62 268
65 504
526 159
769 684
610 788
734 930
726 870
149 741
639 387
435 267
662 734
934 851
717 673
829 103
823 474
179 782
848 687
408 556
939 888
409 277
528 301
899 406
701 798
480 142
957 372
512 849
732 948
288 773
254 464
865 29
685 266
239 574
542 685
512 960
658 578
770 8
737 91
166 885
552 49
120 67
214 669
269 628
182 191
385 95
225 408
941 66
637 339
384 145
2 704
538 830
78 111
975 743
980 655
506 838
324 491
626 599
717 364
664 840
348 497
819 662
155 698
200 296
521 594
264 709
263 393
342 386
932 968
203 968
475 879
242 46
483 296
605 958
727 21
450 35
214 200
824 364
678 635
788 143
830 262
8 345
281 843
194 60
51 605
787 465
570 963
833 403
392 71
320 437
948 68
731 380
454 901
570 946
865 802
277 916
209 618
843 780
513 594
678 948
977 621
619 652
855 516
487 653
181 629
403 551
446 382
283 13
622 736
68 162
776 154
725 217
199 774
735 976
793 633
518 894
761 301
213 934
356 429
515 900
93 176
448 793
217 121
933 270
455 958
211 42
448 76
168 279
872 972
874 185
897 870
24 758
63 575
979 926
998 78
304 166
267 42
340 620
533 827
404 129
611 747
633 295
872 553
409 813
769 221
879 302
133 606
23 734
851 457
977 284
525 568
440 568
650 475
997 992
530 885
379 329
21 346
538 564
927 922
994 985
189 569
726 256
871 745
696 851
968 984
313 261
299 310
707 437
160 144
255 953
94 505
356 316
817 774
144 644
389 626
683 221
886 996
429 669
122 849
263 945
527 100
126 825
130 602
246 502
261 810
847 616
459 735
501 172
51 117
252 946
951 990
308 588
440 332
377 103
303 843
487 222
913 83
400 218
553 36
236 430
212 151
141 173
92 701
4 948
278 14
904 681
838 317
505 372
828 472
850 384
942 80
932 110
258 365
23 943
908 503
196 417
415 193
219 960
684 654
499 112
432 23
452 90
86 754
914 947
628 467
958 708
745 281
525 715
140 687
774 970
55 284
457 565
258 574
388 625
375 995
51 985
200 273
256 3
546 188
858 378
423 382
466 735
454 656
660 27
592 817
42 286
849 528
711 234
808 873
740 88
815 622
213 312
836 262
772 339
4 997
514 950
990 659
963 979
66 221
17 263
550 171
644 164
835 531
876 408
369 901
98 93
833 22
192 922
908 960
965 753
485 999
986 572
143 609
37 46
576 816
23 15
279 97
562 383
445 345
525 40
540 266
118 826
909 123
909 258
58 529
754 786
741 828
979 139
524 814
844 965
605 349
291 141
2 40
59 185
794 60
942 108
945 184
14 899
336 625
908 884
159 19
841 968
254 151
187 202
940 772
908 362
582 337
196 20
489 38
964 532
776 972
355 941
105 86
475 522
768 146
38 642
898 419
559 944
375 967
431 977
582 627
585 301
492 673
111 57
457 674
206 871
711 766
548 566
732 315
147 375
856 819
472 572
219 281
440 90
651 456
962 163
977 978
488 294
716 374
184 95
882 74
890 577
462 990
786 772
554 504
313 430
735 328
411 102
853 617
605 844
802 625
610 930
437 902
326 390
203 329
387 30
245 254
49 547
502 199
250 164
144 889
363 143
183 696
496 300
773 734
188 82
779 913
52 513
59 487
791 46
178 491
956 222
154 64
562 69
304 349
675 702
982 814
605 161
534 231
205 531
943 945
729 637
235 260
715 862
591 99
258 341
27 528
49 120
107 628
284 856
799 39
512 751
578 864
72 389
254 877
720 529
285 479
622 472
34 65
417 79
994 835
385 489
484 97
266 444
115 263
318 488
526 653
85 483
379 138
710 402
471 730
169 600
756 516
225 948
998 713
378 462
105 398
507 46
15 57
200 161
578 454
616 173
543 900
892 298
711 294
52 929
414 712
612 185
575 311
557 872
579 944
709 769
857 54
661 826
649 770
597 188
843 765
919 155
387 122
465 782
852 878
502 291
250 184
5 713
773 562
98 500
652 389
545 563
840 701
804 344
580 41
494 950
236 412
794 713
729 159
952 666
131 799
888 280
151 320
79 226
227 823
891 741
297 684
234 25
849 620
297 709
63 574
120 96
262 968
637 374
607 894
115 84
888 212
300 450
294 420
931 352
592 552
974 390
868 653
854 715
391 715
381 282
566 207
181 99
986 114
824 265
697 253
82 955
745 989
86 19
177 853
751 807
721 6
208 877
503 115
740 231
271 308
4 913
613 659
709 852
691 761
35 893
17 282
550 140
541 327
943 471
465 487
36 657
296 302
271 458
216 634
740 761
924 480
191 675
984 139
412 652
415 767
835 209
442 699
4 326
673 158
799 645
526 455
197 307
883 812
221 429
277 619
98 408
192 93
139 582
502 446
931 888
586 421
126 506
734 245
232 885
525 6
960 841
433 246
610 430
59 156
463 438
676 5
969 21
698 573
771 811
205 731
810 847
760 366
650 976
931 81
589 693
105 420
917 398
633 337
746 976
729 806
680 510
718 346
918 808
765 197
196 64
842 606
112 895
21 411
561 190
746 242
730 543
875 538
915 899
437 203
43 332
976 483
466 589
548 531
346 151
163 631
627 58
132 526
295 114
996 205
450 249
934 716
587 920
739 794
20 187
886 692
189 604
725 634
989 833
479 247
737 77
262 667
860 722
830 430
422 127
89 250
949 356
734 522
960 579
725 461
531 6
751 537
754 335
829 383
553 357
298 392
320 192
250 129
80 704
652 510
763 453
676 500
148 813
149 596
701 903
518 839
348 217
639 207
932 173
809 318
131 966
278 43
541 879
447 928
12 67
231 73
950 922
239 578
909 531
724 190
652 179
410 258
822 711
269 765
606 830
515 266
612 782
885 286
617 656
135 37
941 272
103 369
965 342
239 145
663 755
290 222
707 931
101 144
195 215
620 684
272 604
774 279
22 35
975 690
688 84
941 382
689 105
751 155
594 418
66 882
618 300
939 998
566 4
380 47
16 736
168 955
557 447
796 78
447 171
252 81
868 955
957 607
156 367
933 152
438 409
260 873
437 370
275 139
441 887
189 465
108 607
221 928
347 621
494 492
721 344
994 406
523 558
513 628
126 886
970 472
909 299
565 679
914 131
867 161
814 408
748 228
804 726
363 142
697 610
98 465
994 108
492 693
283 321
191 840
444 180
373 202
378 688
567 582
714 54
330 319
828 18
316 382
615 890
597 731
448 942
214 945
624 279
965 701
899 297
738 259
6 589
942 137
770 6
409 934
291 390
224 995
315 284
275 371
546 400
486 359
845 932
519 423
727 320
871 578
440 682
955 349
225 632
100 380
851 412
565 662
84 464
147 293
595 931
247 364
945 752
431 613
912 622
697 977
716 693
630 983
152 316
137 424
161 104
910 749
933 692
972 926
298 125
480 776
351 726
319 769
527 364
203 808
512 123
191 347
564 231
269 445
327 395
207 721
688 810
924 255
502 919
678 938
769 974
790 720
794 972
313 570
77 561
379 241
672 255
263 988
929 640
182 896
308 763
346 562
653 33
903 881
316 77
486 741
583 9
843 164
97 858
297 264
545 562
676 268
903 578
625 492
655 872
117 56
799 454
287 242
199 348
106 321
140 976
469 876
510 88
620 206
884 845
633 203
997 554
214 844
305 96
750 882
469 854
710 848
343 281
492 949
348 177
495 194
791 497
903 219
193 900
609 284
667 700
408 418
102 883
305 39
115 452
43 355
592 114
29 780
802 12
343 236
897 288
517 631
242 961
205 203
940 130
533 919
216 732
379 312
949 252
384 780
560 437
924 910
449 298
20 416
752 653
146 266
458 520
76 207
155 760
564 340
863 312
935 159
630 733
8 454
725 327
372 913
47 943
530 311
77 470
695 831
610 521
494 508
645 836
65 132
598 46
583 830
549 762
930 620
515 550
532 392
769 810
114 715
23 263
688 646
543 776
877 174
667 272
406 356
282 830
692 837
257 756
419 885
442 696
494 881
383 27
115 729
630 8
128 844
433 356
396 104
582 378
99 54
975 244
86 255
83 420
304 407
529 194
343 622
435 611
457 255
606 486
408 405
830 696
756 838
325 432
636 379
116 459
620 550
210 112
304 245
686 202
400 567
845 923
597 225
304 840
223 680
370 332
244 341
651 63
722 82
836 113
327 638
607 994
333 841
298 640
559 783
194 977
416 475
876 897
950 408
113 647
439 669
557 346
940 358
835 72
85 553
638 671
481 269
916 399
251 803
858 154
159 659
471 669
790 975
574 886
632 579
418 83
694 703
723 418
247 235
809 720
238 986
846 661
29 453
948 173
198 452
382 673
329 571
298 486
355 235
504 559
66 842
936 721
190 701
199 938
130 687
388 661
496 435
512 551
597 115
246 67
832 360
322 531
472 444
71 364
473 997
377 1
594 682
222 891
444 145
447 850
304 548
123 978
239 732
222 778
117 240
814 206
635 368
386 137
261 811
945 190
488 575
359 228
697 626
235 282
225 256
689 177
887 818
656 70
955 460
297 796
870 67
215 282
162 386
589 553
239 144
831 636
175 980
949 993
453 530
557 156
301 594
737 504
355 621
854 657
287 377
849 119
704 798
355 762
545 286
216 660
473 363
327 640
309 149
702 340
483 158
603 177
750 64
957 608
366 329
294 218
962 208
356 359
764 100
13 514
964 614
489 898
169 796
332 504
530 383
14 148
731 642
53 434
881 17
756 887
65 76
584 235
360 512
913 286
587 451
255 337
990 796
496 64
577 511
943 398
486 623
820 379
114 610
49 847
995 418
451 853
783 486
535 321
629 358
924 344
679 868
731 846
514 315
349 223
723 846
689 610
373 201
746 597
912 143
642 312
148 689
352 476
426 959
932 928
361 642
362 237
606 904
159 655
377 930
496 923
979 22
173 51
244 822
728 790
966 368
955 1
576 474
348 930
433 46
987 400
606 682
89 956
422 877
331 692
872 560
814 823
873 281
728 564
233 122
859 730
641 387
932 646
827 440
354 926
480 717
50 755
732 507
695 225
238 372
996 416
579 344
814 529
963 185
203 208
220 694
60 963
498 48
688 192
11 373
584 433
582 748
180 292
256 380
578 691
6 424
894 885
356 37
46 857
381 598
73 797
114 115
78 558
794 871
484 833
213 269
177 815
739 973
398 33
156 227
485 633
570 945
593 368
734 779
982 418
786 249
155 426
235 888
682 457
864 410
361 458
833 35
942 639
249 292
930 173
764 646
919 149
244 617
796 192
502 289
531 405
857 742
844 756
475 350
637 863
920 449
456 680
623 872
95 451
67 782
69 164
417 707
126 303
711 254
226 385
64 300
714 558
397 370
998 14
911 987
297 698
944 683
466 35
636 685
438 133
166 916
51 137
798 421
158 772
732 185
898 327
595 243
651 133
31 431
768 871
163 895
620 757
475 942
684 90
977 480
940 236
637 86
910 940
986 350
876 926
910 607
858 276
731 14
146 760
591 554
557 390
617 171
806 431
114 407
521 301
388 220
65 889
449 474
786 827
154 533
864 651
189 280
711 375
783 26
234 927
602 737
167 449
317 436
190 930
48 855
964 717
825 385
240 175
916 552
611 432
8 37
428 898
14 511
36 659
74 298
347 882
576 952
577 145
360 721
601 27
50 307
69 469
102 551
112 120
614 819
62 602
815 120
931 535
456 629
255 79
652 561
430 73
292 42
28 192
478 437
260 520
763 537
430 184
608 710
805 788
679 217
225 138
784 17
552 13
491 971
628 312
40 289
462 248
304 246
703 781
231 379
419 135
385 107
334 161
854 936
747 440
909 617
159 350
129 159
208 368
650 363
409 703
391 891
565 604
620 729
343 2
202 846
157 30
524 407
564 612
671 320
677 899
968 793
109 566
992 566
523 201
638 668
369 493
8 645
704 930
601 522
198 648
659 358
551 140
989 863
378 652
324 994
57 809
886 596
544 277
838 971
498 222
971 246
900 186
687 658
817 944
53 462
840 231
776 119
133 422
961 45
30 822
658 7
73 267
53 927
425 565
100 574
196 957
948 460
92 638
245 136
725 158
619 887
835 818
810 636
259 142
633 823
559 27
925 861
714 16
515 961
18 539
170 878
814 207
727 890
602 877
555 941
738 381
442 302
480 85
98 668
672 294
982 880
343 738
144 476
774 731
248 96
379 822
162 272
244 228
721 615
540 473
903 141
615 135
84 573
35 925
979 712
904 352
125 8
931 173
860 221
555 617
573 736
557 155
537 354
963 220
547 925
52 485
125 249
519 598
959 840
793 317
134 7
742 872
466 559
214 305
859 12
453 819
555 98
308 173
147 233
636 457
229 877
551 176
221 781
310 742
369 26
707 398
237 35
493 953
20 447
132 145
649 9
902 949
597 323
800 939
928 208
468 777
514 921
638 383
203 108
95 42
796 479
792 342
288 238
843 92
863 17
900 45
118 200
134 877
249 271
736 887
473 855
348 581
826 981
779 773
325 651
155 266
198 195
145 469
364 223
193 449
840 644
198 82
18 748
75 997
331 639
615 743
562 497
269 829
309 880
311 134
666 435
334 733
654 400
895 452
76 940
101 591
672 639
552 453
736 290
242 535
573 433
41 576
953 551
315 286
210 200
267 147
31 458
755 796
58 116
441 356
116 802
187 210
85 797
432 161
348 461
918 577
6 143
393 858
41 493
608 185
556 57
606 392
176 309
675 839
291 309
845 21
846 790
952 293
271 63
403 111
924 987
816 756
526 515
216 480
250 507
494 287
430 679
707 362
428 889
378 316
307 888
289 453
164 727
502 129
144 555
53 405
886 783
299 637
657 867
198 269
166 343
919 295
227 495
544 59
139 881
32 783
183 616
905 510
971 744
643 334
112 172
246 91
979 358
528 766
50 110
396 70
514 417
715 352
885 758
844 580
995 752
247 647
178 394
418 637
382 186
884 728
390 767
176 695
448 908
448 294
287 141
383 724
849 720
297 697
803 227
767 178
988 189
185 568
336 572
580 471
581 58
841 901
56 715
589 543
222 652
315 314
119 752
926 270
370 946
126 385
31 775
898 503
846 195
901 564
450 462
931 357
55 677
225 666
483 618
85 674
676 567
988 737
521 626
189 708
464 77
319 65
