835 2665
547 239
70 103
823 447
751 761
169 552
228 13
826 647
636 756
124 673
255 355
606 537
457 243
420 449
649 826
335 707
12 576
732 317
702 689
113 415
82 1
488 59
513 491
14 279
487 823
623 346
475 352
690 183
395 201
726 538
414 413
128 363
495 210
580 671
229 386
637 176
767 49
110 511
54 408
341 228
484 556
567 495
715 46
627 810
820 569
443 798
299 583
331 99
497 383
834 749
214 710
359 28
344 779
224 353
39 643
262 200
155 398
817 135
505 376
514 308
570 770
94 145
665 507
278 550
675 379
224 394
131 54
384 45
707 682
138 633
91 523
455 625
538 487
192 738
559 698
138 191
674 518
825 548
314 90
353 401
829 635
657 396
487 433
207 22
592 175
488 716
408 671
772 795
633 238
524 574
83 141
730 653
785 46
461 824
138 365
528 157
289 655
288 625
559 389
544 509
138 777
234 261
549 191
680 749
789 384
699 181
26 92
444 808
449 626
529 662
587 763
240 632
540 723
795 93
83 146
505 49
657 92
289 535
623 821
576 743
756 672
338 371
145 420
806 5
180 390
21 756
148 442
801 411
89 409
201 10
348 276
612 438
189 792
691 663
818 139
488 143
418 198
131 45
632 262
796 758
49 660
412 85
234 85
414 767
181 37
609 554
738 24
520 656
210 234
728 30
412 452
214 151
662 346
205 293
831 625
172 639
84 316
68 406
819 374
13 275
550 49
699 630
223 348
118 728
121 671
121 812
141 387
590 460
392 49
11 338
469 147
117 806
634 573
693 773
309 25
21 832
336 516
302 423
503 595
771 83
440 87
204 464
133 513
320 765
233 474
568 573
28 185
424 384
704 626
686 13
359 336
49 228
493 372
661 583
293 162
42 732
386 305
171 557
588 204
254 535
385 81
646 662
203 547
262 279
744 786
599 396
182 471
418 508
679 835
631 31
580 744
141 795
331 602
725 652
727 295
31 618
125 326
736 277
347 187
755 38
348 400
367 422
779 246
605 77
308 371
1 231
592 206
167 125
497 270
167 182
208 711
46 220
286 128
662 367
349 609
358 237
253 1
418 761
483 22
835 640
43 380
106 237
34 756
731 615
220 117
648 723
24 664
208 218
450 187
353 57
327 228
758 520
828 747
314 410
423 539
482 437
85 477
106 818
258 632
565 537
416 213
768 378
3 404
17 247
830 829
392 94
265 464
226 833
768 489
330 694
719 495
60 184
731 771
135 558
814 639
11 382
505 479
801 666
417 59
510 285
545 295
395 786
48 8
558 318
289 551
161 431
587 64
129 275
475 523
316 525
777 229
281 72
554 516
159 107
470 258
398 95
389 500
248 463
356 766
467 632
747 673
547 398
509 99
828 502
223 821
596 539
131 632
818 387
360 162
220 361
705 424
817 724
175 580
179 74
753 270
272 690
790 574
139 414
27 14
597 603
45 450
516 535
776 359
373 710
106 105
6 826
677 414
591 204
110 625
810 241
115 191
290 203
613 716
27 249
246 495
733 213
398 693
497 557
242 181
334 834
777 134
354 4
134 328
61 301
513 217
471 17
607 115
375 625
132 238
445 694
230 514
673 454
231 351
658 223
187 790
115 821
300 596
688 517
446 277
162 350
785 673
601 610
406 743
569 444
524 7
216 512
204 481
667 270
63 430
284 393
163 184
443 835
187 529
555 14
701 227
562 798
231 719
180 249
163 3
29 61
476 413
496 776
812 441
46 155
621 583
431 424
363 430
592 152
370 779
578 666
232 66
91 338
323 442
828 447
685 354
78 688
651 478
299 325
263 806
145 418
608 326
774 536
663 794
460 797
101 801
581 471
302 8
179 392
677 393
239 695
332 205
82 548
670 189
28 616
29 406
110 501
111 339
722 11
300 437
156 338
364 44
783 283
530 108
509 318
537 824
285 526
763 292
324 322
705 160
496 774
515 125
504 273
50 24
551 345
111 235
77 380
385 627
114 315
409 207
264 177
48 78
375 441
106 771
637 506
364 2
533 372
166 733
16 182
293 155
441 2
153 67
247 25
468 151
490 132
420 581
719 21
764 674
618 814
549 736
436 495
614 531
192 795
599 720
191 583
303 450
105 770
805 455
773 174
702 284
777 528
723 300
428 368
423 480
570 441
166 807
68 814
417 114
476 353
3 115
244 434
36 768
486 339
236 148
331 232
193 293
740 260
529 515
159 663
18 297
73 671
592 633
251 283
689 818
65 437
728 243
231 480
340 694
156 554
641 695
168 511
617 107
53 781
238 413
39 291
795 500
85 566
250 349
381 96
606 619
792 655
9 210
802 667
486 293
98 727
148 182
114 441
684 416
540 106
595 698
542 471
673 4
747 576
757 428
425 774
635 675
706 689
230 723
489 737
568 12
271 531
110 98
577 194
781 504
644 507
55 361
279 15
100 568
156 150
1 354
37 41
496 261
65 205
230 31
361 476
300 70
272 443
112 698
431 275
597 295
156 486
211 318
752 272
480 248
261 45
360 232
237 595
607 35
555 57
10 616
489 195
505 81
106 330
824 625
40 202
187 685
813 561
729 290
179 330
5 613
458 319
828 146
408 146
227 525
691 295
732 566
343 450
163 168
238 33
719 296
612 470
119 699
523 365
375 152
536 317
312 18
157 704
68 301
765 641
303 397
437 43
679 540
208 540
8 410
470 173
789 380
723 504
652 383
446 784
622 291
678 26
791 132
796 574
391 378
467 445
674 232
515 651
808 415
539 682
557 605
710 282
431 272
552 473
661 591
539 142
833 759
355 663
82 782
106 114
72 745
624 507
273 310
536 34
241 364
227 571
121 599
377 138
236 238
399 418
454 55
484 376
740 145
524 325
138 408
359 191
447 552
89 357
58 265
192 479
229 630
531 491
149 47
540 363
453 187
654 487
481 568
73 138
200 542
661 383
295 831
497 76
461 489
484 257
621 832
151 173
402 418
284 616
447 492
158 668
123 682
542 251
305 774
693 373
380 48
497 673
101 243
336 74
722 45
704 544
175 3
659 740
641 49
536 206
267 756
286 472
346 216
211 462
537 318
617 35
504 495
783 255
82 575
575 538
379 404
227 411
777 641
328 105
435 573
328 577
165 748
791 765
649 796
758 750
326 492
440 768
78 235
375 189
158 67
566 433
373 436
385 401
829 140
284 800
505 488
721 417
532 813
514 311
112 216
494 639
766 437
777 463
102 417
175 479
175 778
253 118
54 516
806 441
454 354
96 740
722 31
498 725
341 206
487 494
549 383
663 491
395 602
603 337
397 765
91 101
22 799
336 583
209 146
394 356
717 122
275 475
150 809
145 35
673 252
139 117
214 555
488 486
490 502
436 443
404 119
499 777
79 120
772 643
763 184
644 588
296 157
23 474
812 624
615 604
718 326
671 352
31 575
141 43
344 766
623 342
570 590
830 20
391 423
446 285
484 592
506 575
398 533
147 173
23 608
423 349
319 284
393 45
676 134
400 452
678 43
645 653
226 545
633 103
226 407
616 446
154 613
800 165
397 41
401 784
165 386
662 501
21 499
425 365
29 776
235 476
181 253
152 618
461 786
541 216
323 132
716 725
169 225
667 366
461 302
355 823
801 484
414 8
35 287
573 718
423 701
651 12
781 299
567 301
128 79
168 267
151 616
561 340
245 739
691 2
324 246
769 458
144 428
387 485
390 265
302 607
433 359
237 740
492 620
112 759
96 236
260 183
763 222
584 145
51 535
606 376
689 775
691 551
467 378
268 812
214 80
788 490
223 567
523 418
297 658
744 486
542 185
427 505
708 542
148 790
58 515
152 507
373 29
214 137
602 73
739 241
116 305
833 148
393 653
677 752
768 128
241 619
129 590
313 281
684 435
5 654
285 280
364 828
130 772
476 499
704 219
315 545
246 237
431 478
342 783
146 593
219 397
301 176
684 10
763 127
301 212
289 756
770 711
86 755
347 353
313 612
705 493
320 344
618 19
217 576
785 341
159 662
55 175
515 201
587 148
6 186
617 300
230 590
632 336
162 92
591 501
635 685
544 273
727 590
675 499
783 439
383 53
789 786
704 321
444 159
580 316
247 159
176 511
51 765
531 711
95 652
353 518
263 145
82 618
514 731
699 183
241 168
482 552
138 77
28 764
413 618
175 639
343 745
382 81
214 738
133 129
521 621
28 422
414 801
576 520
589 237
240 383
686 216
673 655
781 614
434 275
309 784
834 392
6 720
453 350
163 651
551 635
273 32
720 573
333 70
228 727
544 101
32 766
329 281
240 487
650 606
724 728
377 722
649 15
452 593
492 568
516 154
424 381
315 510
278 742
276 475
768 700
98 255
48 695
103 57
140 5
71 208
264 130
830 775
122 20
106 254
589 707
187 684
206 173
45 17
304 576
307 717
347 220
755 203
258 636
242 471
372 204
339 531
727 458
783 187
453 50
623 511
1 4
791 707
150 114
392 220
448 489
582 474
532 822
110 568
389 241
134 769
601 127
161 207
270 603
788 412
596 335
772 195
138 514
198 522
510 238
258 757
407 354
746 501
113 379
828 582
278 62
388 724
119 111
138 97
656 25
379 415
273 164
133 229
43 508
178 717
396 824
73 330
220 596
595 512
818 574
449 32
144 593
456 835
753 614
417 71
296 300
172 25
430 673
329 420
684 124
544 732
505 670
125 136
701 394
773 13
118 292
524 31
693 363
396 823
309 647
689 181
558 458
64 85
463 87
636 363
305 288
293 558
238 620
538 325
249 219
636 474
360 368
659 149
825 714
382 236
184 115
705 727
687 611
110 529
584 63
714 655
71 656
263 256
513 601
334 109
764 175
35 806
734 185
94 199
757 525
410 692
305 426
2 1
645 366
443 714
482 355
338 540
598 326
319 660
767 190
36 454
497 787
833 268
691 807
53 393
607 760
483 666
534 702
786 741
321 564
617 666
682 458
295 379
194 586
46 539
329 351
622 831
541 91
21 644
325 285
301 377
621 595
639 308
452 674
661 723
522 126
99 76
780 698
145 735
575 247
461 403
543 597
785 271
42 529
207 355
651 105
255 87
510 165
756 133
276 146
349 804
210 586
540 217
209 612
543 225
230 659
138 552
267 42
503 645
532 67
589 174
227 607
266 315
129 190
270 210
147 462
21 301
758 498
482 268
445 291
305 720
693 295
87 423
21 175
613 208
463 131
301 292
600 432
172 687
640 76
417 402
833 217
809 798
335 69
378 47
676 135
326 327
534 342
477 809
594 69
521 303
137 87
105 16
127 313
699 770
222 600
43 358
372 474
731 344
686 441
695 829
166 510
528 180
793 48
208 650
448 723
440 220
235 182
456 254
832 479
63 478
301 63
49 430
530 417
432 652
694 724
40 226
403 509
793 338
631 267
604 148
348 237
574 612
296 27
618 498
208 173
795 483
100 491
541 539
265 186
286 335
420 100
300 31
393 94
177 300
249 549
163 785
258 506
481 227
135 495
233 552
768 301
256 12
595 428
445 728
476 772
270 541
617 426
132 83
466 240
267 541
531 696
161 677
551 766
753 3
772 387
332 560
190 824
402 344
685 314
60 86
392 137
178 243
639 55
803 326
823 795
419 625
78 651
448 538
124 400
276 273
437 125
132 525
637 663
743 287
191 34
378 653
768 680
492 40
475 224
576 539
376 16
761 68
619 607
527 607
640 455
251 563
451 453
267 752
716 543
724 715
728 778
29 342
655 6
677 21
272 788
610 559
664 54
23 530
373 691
188 325
47 822
504 296
361 558
51 179
435 16
239 725
717 602
47 167
821 17
180 399
628 814
737 665
633 720
207 24
491 118
662 100
168 488
649 17
241 239
103 232
602 588
566 53
53 345
347 193
373 247
191 80
500 587
75 597
645 246
649 243
447 380
228 283
217 798
75 389
97 110
334 365
724 256
724 189
744 734
104 232
431 263
695 315
723 393
489 744
332 678
758 519
281 129
356 24
51 129
328 569
457 13
555 170
225 57
795 373
780 812
681 817
119 557
139 691
29 176
657 623
272 293
203 606
265 205
540 828
617 521
193 498
343 738
163 528
350 231
225 831
9 378
563 498
75 601
369 404
315 359
318 522
463 488
360 209
777 206
326 4
671 147
206 174
234 51
125 245
197 536
310 809
96 485
719 647
575 386
707 282
32 2
340 571
397 193
199 110
220 606
645 555
388 463
121 588
34 790
273 121
55 449
438 459
541 304
102 275
85 441
529 147
364 77
111 547
668 456
605 373
501 100
502 786
599 290
823 134
720 434
132 576
689 531
338 451
669 541
158 244
324 207
553 681
20 832
496 832
354 579
173 275
344 394
698 207
736 118
58 110
576 629
684 494
593 313
337 672
85 791
675 245
35 648
368 821
147 534
832 286
483 579
214 803
802 208
396 276
550 424
185 543
257 250
538 29
630 218
501 30
144 570
539 54
614 147
28 561
450 41
343 491
327 806
680 96
136 445
356 131
84 776
260 457
171 331
176 22
108 726
733 766
462 745
155 573
732 210
396 815
468 756
670 140
834 148
714 59
273 537
716 267
436 424
118 222
466 416
174 145
512 800
359 736
290 95
720 520
519 615
522 274
225 626
667 278
712 679
529 791
307 640
343 198
41 295
115 808
631 222
256 440
442 764
478 805
390 443
393 613
66 718
329 461
808 35
331 766
285 288
247 711
820 349
234 789
606 298
734 511
203 814
351 627
612 565
495 403
583 14
162 806
813 517
340 614
771 17
152 265
578 112
392 280
787 731
739 63
832 613
635 510
821 252
789 462
542 835
669 585
595 126
108 165
439 271
286 292
481 509
198 344
484 683
712 249
396 66
806 232
737 215
593 42
48 737
805 288
266 14
295 358
743 163
179 93
253 510
38 288
296 159
477 267
702 122
325 796
823 248
2 337
437 723
706 28
104 438
753 468
661 297
425 735
615 828
385 300
166 678
6 651
461 388
726 805
22 578
761 428
790 454
524 488
230 68
583 245
287 7
381 275
756 830
723 453
709 687
642 750
377 824
370 769
331 571
795 736
223 28
29 40
444 434
711 588
239 96
225 550
262 109
465 119
746 823
191 812
325 456
444 759
612 102
745 72
156 220
686 545
571 81
681 126
37 725
663 186
387 487
595 586
228 161
301 224
767 124
307 530
805 720
293 619
572 829
539 325
244 478
446 668
175 808
392 45
387 206
175 766
123 187
582 541
378 602
656 617
558 33
376 556
216 374
179 362
809 186
24 723
149 431
406 535
668 190
392 629
397 368
695 9
74 152
125 615
404 617
590 813
79 484
320 670
725 428
746 662
232 485
340 315
450 730
396 501
325 41
310 525
743 568
689 449
817 276
75 309
148 18
815 12
691 456
466 589
430 490
731 686
185 600
465 440
232 605
36 575
788 676
535 498
208 43
568 299
14 519
540 475
575 184
302 329
211 826
816 529
572 447
292 713
425 770
262 412
300 231
733 99
764 777
212 55
692 395
315 403
735 802
136 602
199 463
74 248
96 243
465 450
193 520
765 258
44 707
291 624
653 484
810 348
406 180
100 231
561 627
691 572
677 507
330 57
137 305
652 11
800 329
161 171
159 608
437 78
760 242
28 106
727 566
255 699
805 756
241 643
811 635
225 490
337 240
374 704
561 41
185 289
158 443
677 745
452 199
721 778
661 733
369 526
163 378
334 413
210 87
642 142
507 664
382 425
38 618
713 816
632 539
206 219
796 463
373 255
395 440
52 306
67 562
456 741
328 570
754 778
132 829
119 234
231 731
93 438
591 648
244 243
85 748
123 92
547 558
274 54
517 138
811 798
242 322
209 523
835 491
340 384
585 106
234 88
785 600
258 143
519 246
43 652
299 83
125 405
820 460
17 489
91 366
570 186
539 364
196 391
371 14
674 665
86 572
197 630
399 787
3 474
760 297
137 110
824 635
218 323
665 333
43 161
271 666
671 291
456 89
511 230
784 279
644 153
556 299
243 32
131 798
583 585
585 826
638 524
234 830
773 241
616 511
699 834
260 107
377 747
487 225
567 331
755 530
160 210
523 692
803 222
322 431
250 816
765 349
41 493
315 193
582 1
506 758
110 443
457 176
442 651
459 124
65 662
82 296
765 656
142 508
446 343
228 580
800 306
340 586
140 307
348 173
10 809
47 684
708 810
229 708
710 50
359 32
568 50
680 556
773 338
208 439
196 165
319 792
784 634
729 468
273 688
553 435
223 188
763 693
488 214
624 515
512 361
722 339
510 161
16 385
742 520
152 316
509 282
355 170
598 559
674 586
552 829
516 835
739 637
475 93
506 221
374 574
208 317
100 717
230 532
752 20
793 284
280 201
779 330
625 830
37 664
314 706
460 447
619 213
231 11
70 826
241 594
610 583
776 578
31 274
56 78
663 495
77 712
281 85
541 388
292 575
468 112
15 780
180 698
297 409
409 247
283 730
685 136
808 238
733 173
721 705
404 107
280 57
796 175
338 198
73 51
22 468
188 415
228 806
409 580
213 385
253 767
53 360
74 18
696 782
594 371
813 456
429 681
624 647
739 365
464 552
316 236
500 46
814 701
32 342
641 25
77 175
79 234
209 450
751 211
826 134
205 203
152 489
722 640
779 521
545 153
709 240
268 608
489 49
148 288
741 122
561 57
376 396
394 822
344 117
287 831
753 562
679 451
666 558
521 302
264 278
29 223
626 116
236 543
353 797
652 476
467 683
124 389
144 646
4 581
631 189
619 800
29 481
626 649
494 180
246 504
721 667
246 500
28 191
484 553
26 435
700 745
294 149
632 121
711 476
311 441
39 419
786 763
808 233
615 732
343 575
236 367
458 356
39 122
666 378
45 218
182 29
690 152
12 625
404 15
565 596
89 305
576 402
635 656
500 615
325 699
181 647
169 652
169 282
708 211
1 625
534 563
297 510
423 735
299 398
766 793
52 272
785 676
491 493
577 578
302 658
157 298
233 393
804 757
92 623
168 817
17 260
725 524
102 165
140 834
181 213
398 581
510 206
20 213
421 145
223 5
8 565
444 131
284 789
593 164
489 644
458 733
40 496
243 437
657 391
515 682
92 316
190 127
48 599
247 122
508 556
144 493
92 614
381 752
383 161
572 530
538 53
115 425
619 450
305 747
825 329
226 802
813 30
601 265
814 768
143 824
794 128
685 100
547 31
217 206
144 361
240 89
701 164
777 217
600 382
266 5
72 460
699 370
592 413
743 446
562 134
413 536
198 428
189 546
599 522
675 567
124 23
452 740
808 84
644 762
739 594
167 37
776 125
189 621
813 168
264 796
622 479
428 535
567 34
240 741
574 181
443 661
335 222
150 320
108 658
732 399
127 205
770 35
297 312
105 704
179 755
823 42
207 73
204 614
500 829
753 45
380 232
811 198
79 593
388 797
795 375
177 136
784 425
107 808
767 341
325 834
209 768
273 175
771 440
5 421
136 172
584 405
734 49
720 341
502 32
103 361
623 77
627 390
239 153
521 367
246 37
545 399
214 18
698 625
458 576
591 293
338 567
742 548
570 150
712 66
35 621
734 596
695 758
40 181
701 747
428 478
17 781
767 693
309 109
274 522
578 678
722 835
541 712
357 337
433 171
414 471
244 264
119 652
257 447
267 300
363 685
515 655
110 433
494 702
9 67
282 291
377 633
230 437
565 126
322 47
551 63
650 630
687 719
248 447
266 392
233 827
70 477
491 229
54 315
683 329
352 365
808 48
772 513
239 175
153 682
207 539
322 18
589 243
608 50
438 709
367 75
782 810
281 65
249 130
433 507
827 218
95 327
280 775
603 563
747 694
89 666
777 472
653 629
304 12
757 124
619 119
752 762
491 437
318 193
708 124
214 824
68 289
515 778
755 708
257 241
215 326
262 609
56 415
573 397
168 14
21 692
183 296
30 290
806 387
391 349
653 138
32 247
679 431
300 793
462 824
502 256
341 638
659 601
416 517
241 441
619 752
406 771
706 670
624 95
659 125
254 628
419 641
580 375
599 565
583 305
435 74
770 315
239 527
311 146
295 372
374 77
205 572
139 146
161 225
141 448
257 536
242 409
320 499
157 554
150 217
53 605
400 443
398 527
384 831
611 413
173 373
346 404
8 330
524 694
338 199
599 675
46 545
340 220
747 628
768 799
287 729
606 275
717 276
105 777
228 746
726 215
448 570
620 832
767 179
769 507
291 468
186 437
754 625
386 586
633 768
9 318
541 525
800 669
531 84
202 447
664 126
22 601
630 482
805 272
221 257
598 140
546 437
290 247
577 607
720 608
763 739
140 387
248 318
362 645
78 249
155 198
394 725
79 815
283 247
191 454
413 29
142 62
660 469
50 427
247 115
151 649
230 280
603 72
695 173
146 267
734 152
679 777
829 433
499 786
137 84
148 161
499 96
94 794
617 114
66 69
602 51
416 439
803 293
728 448
85 72
582 382
640 651
697 155
648 134
831 597
778 521
583 277
767 72
514 432
503 700
118 51
63 488
365 31
510 519
717 661
798 661
747 744
89 229
434 37
481 286
84 424
378 646
289 33
473 247
705 633
246 460
708 431
781 463
785 351
750 411
254 412
499 457
793 175
795 616
745 166
600 735
20 547
535 220
652 467
619 471
288 69
59 457
350 344
619 144
695 11
808 96
148 641
278 4
248 365
807 651
487 438
143 751
539 759
830 672
797 51
787 5
421 346
833 327
171 113
680 344
614 700
616 224
309 778
773 257
667 329
585 257
378 405
584 344
1 506
275 775
630 655
791 215
304 256
673 6
486 109
529 663
364 823
222 230
598 397
639 804
306 5
608 818
277 388
631 719
686 654
624 103
551 820
664 424
490 186
763 556
712 404
38 493
168 348
596 463
372 401
817 719
451 463
14 330
473 49
717 291
516 581
276 223
497 395
579 680
6 699
800 331
305 739
217 52
241 379
577 254
338 464
120 734
157 530
448 666
93 245
114 743
703 571
225 680
500 233
266 186
450 399
50 136
752 728
288 765
533 557
368 794
596 470
210 271
269 48
827 522
535 224
249 300
98 450
395 45
70 595
415 363
382 794
120 741
159 760
400 79
716 176
338 796
265 45
727 446
414 117
396 544
610 798
593 385
831 460
692 499
750 41
568 86
382 71
112 146
519 99
226 134
524 545
600 508
766 532
412 535
786 356
588 19
382 470
240 353
558 768
334 21
483 304
157 484
163 738
311 709
189 638
319 336
653 101
816 825
53 159
592 602
699 222
257 295
681 444
776 251
687 592
564 269
67 138
125 573
203 584
348 42
794 826
49 664
445 182
197 256
824 492
751 19
543 645
601 766
448 826
507 431
442 328
799 605
298 475
748 650
200 175
183 516
275 146
594 3
371 339
185 22
48 483
86 80
434 465
89 359
36 247
786 538
245 786
191 447
513 469
272 421
327 47
259 279
405 151
815 831
193 15
67 360
219 360
457 632
593 558
566 310
604 637
515 74
626 492
440 218
276 576
387 8
367 401
326 15
1 321
572 339
458 450
683 135
522 254
743 783
192 111
95 459
581 70
652 569
52 353
757 202
701 621
579 112
67 337
433 164
90 530
440 573
370 258
577 749
315 818
818 209
767 589
825 718
697 513
148 308
298 3
373 499
543 444
478 354
108 801
508 606
699 431
516 559
421 199
350 823
295 167
65 657
182 138
38 80
367 748
282 27
379 600
251 271
215 310
770 289
682 463
463 457
234 809
826 437
816 489
652 71
488 522
305 116
362 568
163 7
809 81
298 832
443 226
11 365
73 682
346 84
535 529
230 803
568 631
293 732
280 489
500 218
564 780
35 672
198 156
825 147
57 249
155 644
814 544
608 451
261 325
615 698
244 632
164 557
678 372
368 571
814 148
446 82
49 241
655 497
73 160
220 382
704 78
668 439
407 695
321 260
51 98
30 125
297 230
705 225
67 291
485 16
52 632
219 431
276 715
313 151
3 230
22 308
685 12
616 738
569 272
402 762
80 21
541 814
174 756
193 704
128 118
545 428
591 683
140 275
412 552
733 546
