908 1952
375 356
458 679
769 113
505 366
396 459
96 322
206 907
230 488
220 834
308 20
257 753
223 155
85 230
825 279
529 897
81 890
546 452
488 772
72 67
412 108
25 280
794 662
818 231
307 483
473 741
356 295
550 586
821 352
288 500
436 770
866 618
118 299
673 348
711 689
181 114
332 846
496 710
121 223
410 631
675 855
548 305
571 774
845 444
60 257
633 116
134 812
266 22
841 666
583 228
417 901
131 496
62 557
808 97
619 716
756 705
657 825
729 852
272 174
738 337
904 547
686 863
32 841
557 199
859 406
419 706
389 486
433 148
398 332
758 267
523 748
544 537
308 694
610 882
83 37
769 618
259 676
271 862
456 32
828 885
833 645
724 476
501 362
302 46
378 656
594 576
901 571
633 550
496 634
761 852
82 328
691 513
690 523
690 390
396 898
737 492
47 842
625 876
76 317
775 279
373 696
715 895
496 625
860 374
2 512
59 721
870 685
135 145
405 257
267 25
567 178
552 377
511 253
683 811
705 791
830 611
229 786
160 428
867 464
806 55
577 256
423 765
778 387
908 168
325 10
773 253
259 522
800 235
668 696
779 871
344 838
165 888
721 34
687 680
135 31
138 257
108 425
328 474
848 427
208 607
799 819
806 500
681 830
136 848
49 558
256 250
390 320
122 479
514 451
254 133
420 34
598 537
159 745
271 35
403 91
889 329
409 128
46 512
214 43
839 630
897 94
277 377
488 235
821 605
555 503
96 805
521 110
433 337
53 884
39 175
426 615
27 274
582 771
163 659
114 127
857 80
759 258
125 131
295 610
352 60
601 452
641 292
805 525
493 827
460 388
188 513
172 126
762 177
104 17
820 420
306 171
124 758
306 839
707 730
386 458
893 38
758 548
258 296
59 754
356 493
69 724
235 398
736 169
477 687
728 631
52 280
200 118
897 507
740 730
877 788
552 37
112 39
757 500
709 113
447 169
767 143
513 548
136 858
841 772
302 905
600 789
887 509
671 527
342 9
536 172
667 675
284 434
346 314
22 464
374 498
49 22
12 555
837 241
770 494
864 509
374 291
114 870
722 796
355 774
601 328
162 433
254 358
823 627
475 58
170 746
656 226
572 635
575 67
895 742
367 661
902 896
601 877
514 844
753 685
691 284
691 211
587 584
162 456
201 552
538 448
833 51
487 285
737 607
205 119
133 165
889 260
410 320
530 878
16 668
630 903
556 619
633 783
836 318
660 471
737 825
347 718
540 554
246 496
139 477
677 719
113 269
334 855
119 164
121 189
214 407
87 458
36 178
646 768
649 503
639 345
824 897
87 443
404 752
710 252
755 856
759 26
360 133
136 134
31 209
182 786
65 225
230 35
840 259
14 287
879 610
805 587
113 650
511 211
848 733
565 874
719 387
609 354
178 866
583 268
89 389
646 867
721 245
596 444
798 190
531 331
276 204
170 4
82 162
534 777
822 366
416 561
427 754
392 336
618 131
287 331
399 55
440 519
627 541
576 205
613 396
440 833
480 828
686 860
350 438
651 506
701 386
91 92
629 752
259 719
854 172
182 526
283 649
582 47
808 419
521 335
705 400
541 778
468 640
182 296
809 466
47 844
124 420
180 825
646 127
779 407
376 323
28 468
363 821
475 252
577 888
588 380
252 575
548 740
258 525
543 266
175 206
289 276
160 39
487 249
828 386
827 612
385 551
149 454
208 723
835 398
47 369
639 700
823 400
475 245
246 613
279 777
266 623
873 797
565 516
186 499
715 187
544 769
845 150
484 252
618 619
456 448
57 390
537 345
869 885
691 694
545 519
730 871
195 583
626 410
169 160
857 646
269 325
408 426
792 674
5 790
279 774
764 588
401 403
113 582
65 763
891 813
607 185
351 721
616 516
544 225
198 413
769 314
200 854
10 373
429 178
536 592
297 615
869 901
121 132
380 860
3 762
293 883
312 25
58 622
408 781
63 857
373 486
230 391
587 45
220 785
166 424
908 390
712 799
576 708
192 733
236 620
754 367
665 56
211 578
368 819
21 461
490 807
666 802
615 656
711 747
325 285
204 820
427 709
380 739
473 378
493 135
366 495
481 839
262 145
678 722
237 130
441 645
501 104
796 166
32 422
659 445
643 535
39 825
886 484
52 274
842 118
329 454
738 167
239 38
316 526
137 133
291 773
287 490
162 730
344 745
479 83
707 161
624 662
586 750
535 538
152 256
615 162
116 310
503 510
310 236
275 58
425 489
371 549
821 518
383 149
369 4
650 296
136 227
840 481
90 829
418 843
634 36
875 210
51 321
346 655
184 350
493 812
245 502
762 192
191 110
326 889
864 197
407 13
467 811
527 369
859 858
876 788
884 319
467 207
461 864
84 761
454 769
772 593
428 374
472 32
125 788
880 711
864 220
518 4
225 534
501 219
874 272
841 764
848 103
313 801
778 288
540 215
299 339
346 657
582 444
481 702
134 357
525 876
87 101
393 190
82 753
592 114
796 670
545 44
430 900
127 143
204 644
209 599
735 134
495 215
501 705
219 554
238 533
701 131
115 32
540 602
461 116
144 816
611 545
389 654
401 618
662 641
307 437
41 262
848 146
830 603
429 663
174 400
769 725
439 393
130 646
852 102
516 810
689 775
431 821
87 777
697 122
643 287
735 470
865 403
540 704
300 682
567 81
439 651
466 337
125 503
864 9
890 367
768 847
653 885
388 205
616 872
565 592
862 749
828 325
832 768
815 471
321 151
301 526
493 294
602 295
114 221
594 339
672 355
268 86
861 646
59 368
543 50
103 868
569 557
480 67
351 885
137 697
177 229
195 706
841 131
863 836
275 295
748 593
896 41
589 681
681 83
114 212
23 767
674 543
179 84
28 589
568 501
615 379
835 362
824 153
627 153
99 423
853 333
284 19
163 44
793 472
523 195
835 53
780 165
577 308
620 238
809 329
531 567
262 663
747 245
603 360
527 723
15 69
679 617
137 865
120 476
32 499
852 18
51 190
242 572
364 514
458 132
685 89
444 284
372 801
502 656
308 205
314 880
403 618
25 451
172 374
204 621
841 97
110 734
1 378
699 399
394 737
783 516
179 759
823 38
681 70
703 294
504 722
637 243
93 203
846 492
387 787
592 614
402 438
499 317
395 214
287 497
532 359
366 591
294 54
908 392
731 641
93 798
167 571
365 307
558 440
372 203
799 54
113 379
811 620
886 661
190 140
103 897
306 271
203 342
901 462
799 706
430 419
53 723
750 55
1 641
509 784
610 135
844 866
98 467
905 148
742 870
109 561
538 625
768 246
715 721
783 706
760 454
324 492
463 817
669 614
32 416
472 412
769 410
454 92
536 880
439 151
134 898
235 758
558 458
360 182
470 634
222 56
648 72
708 482
881 558
323 475
490 34
201 45
94 538
617 483
729 140
803 200
19 598
773 118
275 572
815 58
447 124
850 100
252 123
456 881
890 43
2 110
294 368
151 132
255 901
824 371
62 432
564 680
770 26
609 725
459 458
317 862
891 463
305 830
197 504
590 826
203 20
256 215
374 885
622 881
806 109
87 288
168 272
280 746
279 484
834 432
598 345
82 665
513 119
253 350
200 342
60 515
803 827
793 856
789 152
265 885
643 405
751 604
89 471
19 508
774 669
596 853
851 433
817 760
750 876
731 330
680 829
327 127
404 786
77 596
232 633
744 558
441 275
39 664
277 125
743 644
856 141
35 733
174 165
287 41
700 245
675 465
52 465
440 307
404 342
759 554
851 551
546 11
801 369
801 676
215 361
658 871
553 829
588 95
330 244
461 308
427 793
391 585
324 636
882 719
611 23
350 73
833 49
7 178
798 331
254 510
272 665
630 606
3 324
405 472
33 460
572 265
99 607
462 719
541 111
193 250
164 122
888 225
172 234
465 112
657 303
21 507
668 311
706 683
157 640
892 642
680 786
242 552
902 624
281 535
46 785
532 88
381 5
300 771
286 222
141 318
269 841
680 389
630 355
320 250
800 180
124 298
590 582
774 692
743 92
249 744
550 900
332 315
208 164
359 594
199 37
199 624
899 70
905 761
191 138
447 321
895 8
56 594
146 377
187 473
760 623
817 277
302 321
838 834
233 529
589 361
577 31
305 135
894 195
589 250
29 899
503 315
674 517
474 697
290 794
221 614
315 347
138 781
267 822
691 564
157 293
144 806
269 716
852 331
374 302
488 606
30 529
436 787
591 613
404 369
194 656
806 63
91 690
818 755
715 121
40 847
295 259
710 316
673 832
825 257
242 759
721 617
706 660
609 476
465 625
894 466
364 96
637 620
673 19
767 249
823 187
534 74
854 664
219 812
520 862
27 267
572 890
410 551
867 579
482 31
393 680
694 787
73 688
293 213
324 263
610 585
76 416
704 312
191 518
352 349
170 393
449 355
163 737
809 688
375 559
108 631
346 908
147 520
578 371
778 196
359 333
571 685
540 827
172 509
116 352
412 531
676 480
743 535
623 406
411 563
267 567
287 278
676 780
645 700
833 65
534 236
662 474
500 551
599 160
336 614
482 700
839 499
840 641
654 676
179 785
276 871
547 740
803 59
682 478
405 694
250 60
257 841
795 130
814 520
252 159
472 808
19 157
332 666
229 185
149 626
848 412
251 520
412 775
185 491
571 502
772 669
39 398
281 68
892 188
720 234
581 113
380 50
56 872
717 77
663 241
814 824
546 426
432 214
306 166
823 463
775 616
575 671
856 499
432 165
882 110
719 746
579 351
236 730
90 816
531 394
110 311
150 377
120 669
838 540
74 69
887 481
444 653
200 121
274 899
521 865
684 475
98 735
810 279
833 800
778 316
892 639
17 851
306 387
41 296
665 307
507 478
695 411
610 27
522 127
229 805
606 552
720 631
97 626
315 657
247 665
14 407
653 274
54 693
610 647
789 121
356 888
748 198
704 736
496 186
387 583
798 423
12 360
339 120
549 149
609 514
176 240
767 41
623 670
444 15
482 182
390 215
676 418
19 190
772 256
710 858
209 604
448 249
729 280
419 383
577 348
108 552
382 378
77 867
298 80
812 807
100 529
293 768
636 346
385 768
524 534
688 423
539 524
628 615
44 691
631 745
373 734
120 110
854 333
871 737
31 403
792 739
170 788
815 594
671 195
851 682
255 508
816 611
529 417
508 629
97 298
772 761
810 770
466 340
676 295
56 733
173 347
670 171
587 398
736 62
297 76
707 418
521 170
261 857
227 668
176 372
468 741
124 856
826 146
476 357
724 451
676 231
382 456
312 131
707 26
430 630
199 512
542 791
78 442
73 465
236 523
577 30
687 81
325 566
345 469
738 250
826 287
505 899
814 191
858 544
368 673
101 246
753 210
627 713
646 317
832 340
83 145
670 776
110 239
862 613
818 744
370 40
44 663
304 113
379 663
305 264
660 600
415 53
558 679
395 641
413 802
614 741
713 356
626 575
758 724
697 733
343 747
326 42
577 488
265 287
179 820
436 336
668 734
481 44
559 596
237 710
571 615
769 776
19 345
402 307
663 79
522 506
651 665
134 448
195 690
253 429
307 215
132 432
82 800
712 749
532 895
866 404
893 366
732 103
152 328
298 491
163 510
152 808
206 256
634 138
408 701
806 329
774 605
541 20
476 432
449 753
784 828
587 378
569 219
92 737
95 596
47 204
85 121
530 150
270 831
574 642
758 272
260 155
886 270
674 665
609 171
239 592
741 329
732 746
610 138
717 678
834 684
742 877
906 442
232 416
433 180
161 47
742 571
658 109
126 154
509 370
384 52
644 613
701 884
302 58
549 602
899 551
612 852
26 697
279 132
713 47
676 626
665 711
224 529
861 750
194 716
676 383
510 358
115 114
194 40
291 533
628 778
471 171
662 7
615 406
636 76
374 607
742 650
793 274
232 138
35 850
566 903
115 663
497 315
600 9
138 840
897 58
418 456
555 137
441 793
745 669
321 307
730 548
344 1
235 367
483 588
484 147
88 721
344 379
346 777
21 324
889 783
50 126
332 379
227 554
414 459
38 792
511 354
740 130
120 375
4 815
539 249
488 221
90 610
181 230
367 272
274 815
629 536
232 194
216 711
865 657
67 349
145 740
97 632
541 520
807 367
232 201
711 723
769 284
555 367
106 484
271 510
755 292
334 838
164 884
429 692
576 438
337 390
841 54
399 161
441 526
745 863
375 763
756 198
365 343
666 353
791 497
485 99
607 889
795 201
227 283
840 88
336 278
904 266
134 62
780 63
574 454
354 647
192 667
780 321
447 711
859 114
695 61
42 312
500 534
598 698
616 730
55 672
502 693
759 507
83 321
501 82
546 740
91 116
849 517
208 765
835 424
766 593
270 847
880 271
440 427
153 745
460 419
13 504
680 758
845 389
869 271
339 835
215 70
128 476
649 507
195 609
804 187
684 657
781 639
818 459
345 791
221 530
173 346
359 676
416 171
697 884
519 502
579 549
440 347
609 859
10 472
325 246
747 228
2 868
345 179
539 541
901 158
315 471
623 491
231 667
531 113
678 441
278 466
316 769
545 797
858 550
715 77
93 711
88 23
80 255
51 398
878 449
99 442
132 527
413 115
703 880
524 659
321 584
640 671
168 197
721 81
634 629
880 840
38 800
335 200
483 243
140 349
472 832
753 209
148 26
594 877
82 738
878 343
325 248
738 588
746 630
214 725
667 335
353 539
796 105
678 696
684 757
494 674
816 108
428 354
196 265
295 583
847 42
548 112
262 237
735 236
494 129
9 223
727 891
603 764
435 639
256 123
292 220
207 889
246 812
826 869
748 563
864 676
701 729
26 358
581 99
514 499
594 677
300 536
374 786
127 404
715 303
668 50
627 609
73 99
899 309
793 858
49 675
872 754
852 499
330 40
717 684
719 77
160 722
276 294
6 891
122 723
605 881
326 199
89 494
537 110
298 41
656 37
465 259
748 536
128 893
376 785
548 241
401 511
614 709
438 457
164 810
718 906
772 681
721 892
442 314
740 101
759 267
840 820
863 377
538 423
830 114
541 592
90 667
342 824
862 500
332 185
612 142
414 478
679 296
60 787
811 45
442 178
297 896
658 558
38 259
77 145
745 548
82 882
250 173
765 687
859 27
276 249
727 168
34 266
417 37
147 835
508 699
618 681
478 208
877 215
387 225
580 731
265 541
412 239
490 596
454 630
22 448
836 73
722 336
562 275
747 344
319 484
395 777
437 292
811 596
243 621
248 758
878 17
627 275
111 418
351 499
252 340
676 537
277 856
644 344
64 764
643 512
301 165
907 692
875 693
493 704
246 24
585 213
551 519
553 444
2 23
883 79
666 62
790 629
634 362
120 417
181 42
528 51
231 349
624 396
587 73
41 225
898 697
630 491
192 829
55 820
91 347
550 838
511 275
441 376
498 379
800 742
525 572
276 450
772 831
239 48
646 357
763 576
489 277
778 692
125 794
79 247
646 391
875 675
539 747
646 205
741 891
740 770
671 640
606 879
281 409
303 267
218 874
713 527
219 879
91 594
310 90
372 263
166 676
282 820
67 448
506 285
808 799
384 555
137 863
83 320
174 290
490 777
420 604
761 197
853 285
501 191
146 188
555 654
402 210
204 842
669 197
84 634
36 132
146 207
38 449
849 683
575 881
250 548
432 655
288 388
383 181
846 534
562 342
581 133
159 398
899 53
576 838
295 126
229 315
309 755
537 605
868 582
904 23
423 545
801 497
472 57
492 511
683 46
795 258
762 339
690 468
635 219
140 514
329 353
276 194
207 789
706 673
484 173
466 592
397 850
514 492
200 380
187 841
906 878
157 845
267 277
322 495
418 68
5 837
124 887
236 440
495 776
637 719
69 360
325 254
470 308
680 771
330 715
684 640
115 336
227 106
261 172
268 517
143 818
130 546
113 346
784 37
99 708
651 877
508 363
809 323
730 81
786 799
493 544
189 881
780 219
301 515
237 790
827 521
168 514
392 299
402 563
706 174
897 609
563 885
711 884
719 102
490 289
20 228
188 613
907 356
363 727
271 384
594 135
885 388
810 66
733 389
326 869
207 439
707 758
733 170
412 854
865 776
220 769
59 734
137 869
872 283
82 798
428 822
492 129
511 242
42 359
377 327
433 757
434 851
88 498
785 647
453 529
664 880
42 409
814 65
799 728
789 561
90 848
326 26
881 398
44 751
334 490
624 616
16 738
309 680
847 381
885 485
809 21
780 266
908 215
619 313
202 907
390 545
28 831
358 835
570 811
847 548
746 223
509 232
665 902
48 379
267 20
213 901
347 297
23 563
708 361
48 714
661 360
26 11
501 240
13 884
733 859
816 603
29 852
221 354
791 527
704 766
528 103
782 811
896 475
30 389
755 870
421 166
561 481
230 148
40 475
617 794
47 77
215 732
614 436
557 249
204 277
739 815
27 379
881 2
630 72
549 675
805 671
220 401
723 199
778 422
547 405
474 484
147 109
21 908
12 564
659 595
181 854
682 592
593 382
191 628
67 882
139 545
908 209
77 416
494 630
163 670
60 367
795 228
177 667
464 286
635 338
283 441
477 430
371 778
143 97
907 147
399 194
455 481
256 697
385 574
719 533
870 30
225 372
41 454
576 714
381 735
241 545
176 783
587 697
146 449
653 863
27 334
652 384
502 337
564 465
214 222
454 713
473 659
201 398
459 872
499 775
68 760
264 362
50 669
755 96
2 600
259 602
891 730
344 135
109 46
421 269
729 850
693 656
901 72
552 251
520 793
649 160
905 270
51 250
779 88
453 266
305 465
665 506
662 503
642 772
380 431
279 184
